10 6
20 7
30 18
40 8
50 24
60 19
70 14
80 9
90 17
100 25
110 113
120 20
130 28
140 15
150 15
160 10
170 10
180 18
190 106
200 26
210 39
220 114
230 34
240 21
250 109
260 29
270 42
280 16
290 117
300 16
310 86
320 11
330 112
340 11
350 81
360 19
370 45
380 107
390 120
400 27
410 27
420 40
430 102
440 115
450 53
460 35
470 128
480 22
490 22
500 110
510 48
520 30
530 123
540 43
550 92
560 17
570 105
580 118
590 56
600 17
610 38
620 87
630 38
640 12
650 25
660 113
670 69
680 12
690 126
700 82
710 33
720 20
730 95
740 46
750 46
760 108
770 33
780 121
790 77
800 28
810 28
820 28
830 134
840 41
850 59
860 103
870 28
880 116
890 72
900 54
910 41
920 36
930 36
940 129
950 28
960 23
970 98
980 23
990 98
1000 111
1010 62
1020 49
1030 124
1040 31
1050 31
1060 124
1070 23
1080 44
1090 44
1100 93
1110 31
1120 18
1130 18
1140 106
1150 44
1160 119
1170 57
1180 57
1190 75
1200 18
1210 18
1220 39
1230 70
1240 88
1250 26
1260 39
1270 31
1280 13
1290 101
1300 26
1310 145
1320 114
1330 52
1340 70
1350 114
1360 13
1370 127
1380 127
1390 127
1400 83
1410 34
1420 34
1430 26
1440 21
1450 21
1460 96
1470 47
1480 47
1490 91
1500 47
1510 65
1520 109
1530 47
1540 34
1550 153
1560 122
1570 122
1580 78
1590 104
1600 29
1610 21
1620 29
1630 135
1640 29
1650 135
1660 135
1670 135
1680 42
1690 42
1700 60
1710 55
1720 104
1730 148
1740 29
1750 29
1760 117
1770 117
1780 73
1790 99
1800 55
1810 68
1820 42
1830 130
1840 37
1850 130
1860 37
1870 130
1880 130
1890 37
1900 29
1910 29
1920 24
1930 24
1940 99
1950 143
1960 24
1970 24
1980 99
1990 24
2000 112
2010 68
2020 63
2030 37
2040 50
2050 37
2060 125
2070 125
2080 32
2090 32
2100 32
2110 169
2120 125
2130 76
2140 24
2150 24
2160 45
2170 45
2180 45
2190 76
2200 94
2210 94
2220 32
2230 94
2240 19
2250 45
2260 19
2270 63
2280 107
2290 151
2300 45
2310 32
2320 120
2330 120
2340 58
2350 120
2360 58
2370 151
2380 76
2390 120
2400 19
2410 19
2420 19
2430 164
2440 40
2450 133
2460 71
2470 133
2480 89
2490 89
2500 27
2510 89
2520 40
2530 40
2540 32
2550 84
2560 14
2570 27
2580 102
2590 40
2600 27
2610 53
2620 146
2630 53
2640 115
2650 27
2660 53
2670 146
2680 71
2690 115
2700 115
2710 115
2720 14
2730 14
2740 128
2750 40
2760 128
2770 66
2780 128
2790 128
2800 84
2810 84
2820 35
2830 35
2840 35
2850 27
2860 27
2870 79
2880 22
2890 48
2900 22
2910 141
2920 97
2930 35
2940 48
2950 141
2960 48
2970 48
2980 92
2990 48
3000 48
3010 40
3020 66
3030 141
3040 110
3050 110
3060 48
3070 61
3080 35
3090 61
3100 154
3110 35
3120 123
3130 123
3140 123
3150 61
3160 79
3170 79
3180 105
3190 74
3200 30
3210 22
3220 22
3230 74
3240 30
3250 136
3260 136
3270 43
3280 30
3290 136
3300 136
3310 43
3320 136
3330 180
3340 136
3350 136
3360 43
3370 43
3380 43
3390 180
3400 61
3410 136
3420 56
3430 30
3440 105
3450 43
3460 149
3470 105
3480 30
3490 149
3500 30
3510 43
3520 118
3530 30
3540 118
3550 87
3560 74
3570 30
3580 100
3590 69
3600 56
3610 56
3620 69
3630 56
3640 43
3650 43
3660 131
3670 131
3680 38
3690 38
3700 131
3710 118
3720 38
3730 69
3740 131
3750 175
3760 131
3770 131
3780 38
3790 175
3800 30
3810 38
3820 30
3830 175
3840 25
3850 51
3860 25
3870 144
3880 100
3890 38
3900 144
3910 100
3920 25
3930 144
3940 25
3950 38
3960 100
3970 51
3980 25
3990 51
4000 113
4010 113
4020 69
4030 95
4040 64
4050 157
4060 38
4070 157
4080 51
4090 64
4100 38
4110 38
4120 126
4130 126
4140 126
4150 95
4160 33
4170 126
4180 33
4190 108
4200 33
4210 126
4220 170
4230 82
4240 126
4250 126
4260 77
4270 64
4280 25
4290 77
4300 25
4310 170
4320 46
4330 46
4340 46
4350 77
4360 46
4370 108
4380 77
4390 139
4400 95
4410 46
4420 95
4430 121
4440 33
4450 139
4460 95
4470 46
4480 20
4490 46
4500 46
4510 139
4520 20
4530 64
4540 64
4550 20
4560 108
4570 33
4580 152
4590 59
4600 46
4610 108
4620 33
4630 108
4640 121
4650 121
4660 121
4670 90
4680 59
4690 152
4700 121
4710 33
4720 59
4730 59
4740 152
4750 165
4760 77
4770 103
4780 121
4790 33
4800 20
4810 59
4820 20
4830 121
4840 20
4850 165
4860 165
4870 134
4880 41
4890 41
4900 134
4910 134
4920 72
4930 72
4940 134
4950 72
4960 90
4970 90
4980 90
4990 72
5000 28
5010 90
5020 90
5030 41
5040 41
5050 41
5060 41
5070 85
5080 33
5090 41
5100 85
5110 59
5120 15
5130 54
5140 28
5150 147
5160 103
5170 54
5180 41
5190 103
5200 28
5210 103
5220 54
5230 178
5240 147
5250 28
5260 54
5270 54
5280 116
5290 116
5300 28
5310 54
5320 54
5330 54
5340 147
5350 46
5360 72
5370 98
5380 116
5390 28
5400 116
5410 41
5420 116
5430 98
5440 15
5450 67
5460 15
5470 160
5480 129
5490 41
5500 41
5510 160
5520 129
5530 129
5540 67
5550 67
5560 129
5570 67
5580 129
5590 67
5600 85
5610 85
5620 85
5630 160
5640 36
5650 85
5660 36
5670 80
5680 36
5690 67
5700 28
5710 129
5720 28
5730 28
5740 80
5750 54
5760 23
5770 49
5780 49
5790 54
5800 23
5810 49
5820 142
5830 36
5840 98
5850 142
5860 36
5870 142
5880 49
5890 80
5900 142
5910 142
5920 49
5930 49
5940 49
5950 49
5960 93
5970 142
5980 49
5990 49
6000 49
6010 142
6020 41
6030 93
6040 67
6050 67
6060 142
6070 155
6080 111
6090 36
6100 111
6110 93
6120 49
6130 155
6140 62
6150 155
6160 36
6170 36
6180 62
6190 36
6200 155
6210 155
6220 36
6230 62
6240 124
6250 124
6260 124
6270 62
6280 124
6290 62
6300 62
6310 93
6320 80
6330 80
6340 80
6350 199
6360 106
6370 31
6380 75
6390 75
6400 31
6410 62
6420 23
6430 168
6440 23
6450 62
6460 75
6470 49
6480 31
6490 137
6500 137
6510 75
6520 137
6530 137
6540 44
6550 137
6560 31
6570 31
6580 137
6590 137
6600 137
6610 49
6620 44
6630 75
6640 137
6650 137
6660 181
6670 181
6680 137
6690 137
6700 137
6710 93
6720 44
6730 44
6740 44
6750 137
6760 44
6770 181
6780 181
6790 36
6800 62
6810 62
6820 137
6830 150
6840 57
6850 57
6860 31
6870 150
6880 106
6890 106
6900 44
6910 57
6920 150
6930 150
6940 106
6950 106
6960 31
6970 181
6980 150
6990 57
7000 31
7010 57
7020 44
7030 150
7040 119
7050 119
7060 31
7070 150
7080 119
7090 57
7100 88
7110 119
7120 75
7130 49
7140 31
7150 49
7160 101
7170 75
7180 70
7190 70
7200 57
7210 57
7220 57
7230 70
7240 70
7250 70
7260 57
7270 70
7280 44
7290 44
7300 44
7310 119
7320 132
7330 44
7340 132
7350 101
7360 39
7370 132
7380 39
7390 207
7400 132
7410 163
7420 119
7430 39
7440 39
7450 39
7460 70
7470 39
7480 132
7490 163
7500 176
7510 62
7520 132
7530 132
7540 132
7550 88
7560 39
7570 132
7580 176
7590 70
7600 31
7610 31
7620 39
7630 176
7640 31
7650 39
7660 176
7670 132
7680 26
7690 52
7700 52
7710 52
7720 26
7730 145
7740 145
7750 52
7760 101
7770 39
7780 39
7790 83
7800 145
7810 101
7820 101
7830 101
7840 26
7850 26
7860 145
7870 101
7880 26
7890 101
7900 39
7910 145
7920 101
7930 101
7940 52
7950 52
7960 26
7970 52
7980 52
7990 83
8000 114
8010 145
8020 114
8030 44
8040 70
8050 70
8060 96
8070 70
8080 65
8090 65
8100 158
8110 158
8120 39
8130 127
8140 158
8150 158
8160 52
8170 52
8180 65
8190 158
8200 39
8210 158
8220 39
8230 114
8240 127
8250 39
8260 127
8270 96
8280 127
8290 39
8300 96
8310 65
8320 34
8330 127
8340 127
8350 114
8360 34
8370 39
8380 109
8390 65
8400 34
8410 96
8420 127
8430 158
8440 171
8450 57
8460 83
8470 57
8480 127
8490 127
8500 127
8510 202
8520 78
8530 171
8540 65
8550 65
8560 26
8570 171
8580 78
8590 78
8600 26
8610 78
8620 171
8630 127
8640 47
8650 140
8660 47
8670 65
8680 47
8690 52
8700 78
8710 140
8720 47
8730 47
8740 109
8750 78
8760 78
8770 140
8780 140
8790 127
8800 96
8810 96
8820 47
8830 171
8840 96
8850 47
8860 122
8870 78
8880 34
8890 34
8900 140
8910 96
8920 96
8930 47
8940 47
8950 140
8960 21
8970 47
8980 47
8990 78
9000 47
9010 39
9020 140
9030 39
9040 21
9050 39
9060 65
9070 91
9080 65
9090 140
9100 21
9110 60
9120 109
9130 109
9140 34
9150 122
9160 153
9170 153
9180 60
9190 60
9200 47
9210 60
9220 109
9230 91
9240 34
9250 34
9260 109
9270 91
9280 122
9290 184
9300 122
9310 91
9320 122
9330 135
9340 91
9350 60
9360 60
9370 60
9380 153
9390 109
9400 122
9410 60
9420 34
9430 104
9440 60
9450 60
9460 60
9470 153
9480 153
9490 52
9500 166
9510 52
9520 78
9530 52
9540 104
9550 60
9560 122
9570 73
9580 34
9590 166
9600 21
9610 60
9620 60
9630 73
9640 21
9650 60
9660 122
9670 21
9680 21
9690 73
9700 166
9710 122
9720 166
9730 47
9740 135
9750 122
9760 42
9770 42
9780 42
9790 73
9800 135
9810 166
9820 135
9830 135
9840 73
9850 73
9860 73
9870 197
9880 135
9890 122
9900 73
9910 73
9920 91
9930 42
9940 91
9950 73
9960 91
9970 117
9980 73
9990 91
10000 29
10010 29
10020 91
10030 42
10040 91
10050 117
10060 42
10070 135
10080 42
10090 42
10100 42
10110 86
10120 42
10130 73
10140 86
10150 135
10160 34
10170 34
10180 42
10190 73
10200 86
10210 60
10220 60
10230 60
10240 16
10250 55
10260 55
10270 148
10280 29
10290 60
10300 148
10310 29
10320 104
10330 55
10340 55
10350 148
10360 42
10370 42
10380 104
10390 104
10400 29
10410 29
10420 104
10430 86
10440 55
10450 86
10460 179
10470 86
10480 148
10490 104
10500 29
10510 86
10520 55
10530 42
10540 55
10550 104
10560 117
10570 104
10580 117
10590 148
10600 29
10610 99
10620 55
10630 55
10640 55
10650 55
10660 55
10670 47
10680 148
10690 161
10700 47
10710 99
10720 73
10730 73
10740 99
10750 99
10760 117
10770 148
10780 29
10790 161
10800 117
10810 161
10820 42
10830 42
10840 117
10850 161
10860 99
10870 117
10880 16
10890 55
10900 68
10910 130
10920 16
10930 161
10940 161
10950 42
10960 130
10970 117
10980 42
10990 68
11000 42
11010 192
11020 161
11030 161
11040 130
11050 130
11060 130
11070 130
11080 68
11090 55
11100 68
11110 130
11120 130
11130 117
11140 68
11150 68
11160 130
11170 130
11180 68
11190 130
11200 86
11210 99
11220 86
11230 68
11240 86
11250 161
11260 161
11270 86
11280 37
11290 37
11300 86
11310 112
11320 37
11330 130
11340 81
11350 130
11360 37
11370 37
11380 68
11390 174
11400 29
11410 81
11420 130
11430 174
11440 29
11450 29
11460 29
11470 174
11480 81
11490 37
11500 55
11510 55
11520 24
11530 143
11540 50
11550 130
11560 50
11570 81
11580 55
11590 143
11600 24
11610 143
11620 50
11630 143
11640 143
11650 50
11660 37
11670 81
11680 99
11690 99
11700 143
11710 174
11720 37
11730 104
11740 143
11750 55
11760 50
11770 174
11780 81
11790 81
11800 143
11810 143
11820 143
11830 174
11840 50
11850 37
11860 50
11870 99
11880 50
11890 50
11900 50
11910 143
11920 94
11930 94
11940 143
11950 50
11960 50
11970 94
11980 50
11990 81
12000 50
12010 50
12020 143
12030 156
12040 42
12050 94
12060 94
12070 42
12080 68
12090 94
12100 68
12110 94
12120 143
12130 24
12140 156
12150 63
12160 112
12170 112
12180 37
12190 63
12200 112
12210 112
12220 94
12230 112
12240 50
12250 63
12260 156
12270 63
12280 63
12290 50
12300 156
12310 156
12320 37
12330 37
12340 37
12350 143
12360 63
12370 94
12380 37
12390 187
12400 156
12410 156
12420 156
12430 63
12440 37
12450 37
12460 63
12470 187
12480 125
12490 63
12500 125
12510 112
12520 125
12530 86
12540 63
12550 37
12560 125
12570 125
12580 63
12590 125
12600 63
12610 63
12620 94
12630 63
12640 81
12650 81
12660 81
12670 156
12680 81
12690 81
12700 200
12710 55
12720 107
12730 107
12740 32
12750 200
12760 76
12770 125
12780 76
12790 125
12800 32
12810 63
12820 63
12830 50
12840 24
12850 125
12860 169
12870 76
12880 24
12890 24
12900 63
12910 107
12920 76
12930 24
12940 50
12950 50
12960 32
12970 32
12980 138
12990 50
13000 138
13010 138
13020 76
13030 50
13040 138
13050 138
13060 138
13070 138
13080 45
13090 138
13100 138
13110 50
13120 32
13130 76
13140 32
13150 76
13160 138
13170 138
13180 138
13190 125
13200 138
13210 138
13220 50
13230 76
13240 45
13250 76
13260 76
13270 76
13280 138
13290 138
13300 138
13310 169
13320 182
13330 94
13340 182
13350 68
13360 138
13370 45
13380 138
13390 45
13400 138
13410 45
13420 94
13430 138
13440 45
13450 45
13460 45
13470 89
13480 45
13490 76
13500 138
13510 37
13520 45
13530 138
13540 182
13550 45
13560 182
13570 89
13580 37
13590 37
13600 63
13610 63
13620 63
13630 182
13640 138
13650 120
13660 151
13670 58
13680 58
13690 151
13700 58
13710 89
13720 32
13730 151
13740 151
13750 89
13760 107
13770 58
13780 107
13790 89
13800 45
13810 120
13820 58
13830 45
13840 151
13850 151
13860 151
13870 151
13880 107
13890 45
13900 107
13910 151
13920 32
13930 32
13940 182
13950 133
13960 151
13970 107
13980 58
13990 107
14000 32
14010 32
14020 58
14030 182
14040 45
14050 58
14060 151
14070 107
14080 120
14090 107
14100 120
14110 58
14120 32
14130 102
14140 151
14150 32
14160 120
14170 58
14180 58
14190 58
14200 89
14210 58
14220 120
14230 58
14240 76
14250 76
14260 50
14270 195
14280 32
14290 195
14300 50
14310 76
14320 102
14330 102
14340 76
14350 76
14360 71
14370 71
14380 71
14390 120
14400 58
14410 164
14420 58
14430 71
14440 58
14450 45
14460 71
14470 164
14480 71
14490 71
14500 71
14510 58
14520 58
14530 164
14540 71
14550 133
14560 45
14570 45
14580 45
14590 89
14600 45
14610 195
14620 120
14630 120
14640 133
14650 71
14660 45
14670 76
14680 133
14690 164
14700 102
14710 102
14720 40
14730 133
14740 133
14750 45
14760 40
14770 71
14780 208
14790 40
14800 133
14810 133
14820 164
14830 133
14840 120
14850 133
14860 40
14870 45
14880 40
14890 40
14900 40
14910 71
14920 71
14930 71
14940 40
14950 102
14960 133
14970 133
14980 164
14990 71
15000 177
15010 177
15020 63
15030 208
15040 133
15050 40
15060 133
15070 89
15080 133
15090 71
15100 89
15110 133
15120 40
15130 40
15140 133
15150 84
15160 177
15170 133
15180 71
15190 133
15200 32
15210 32
15220 32
15230 58
15240 40
15250 84
15260 177
15270 84
15280 32
15290 32
15300 40
15310 84
15320 177
15330 58
15340 133
15350 177
15360 27
15370 146
15380 53
15390 146
15400 53
15410 146
15420 53
15430 53
15440 27
15450 146
15460 146
15470 84
15480 146
15490 53
15500 53
15510 53
15520 102
15530 102
15540 40
15550 53
15560 40
15570 221
15580 84
15590 146
15600 146
15610 177
15620 102
15630 133
15640 102
15650 146
15660 102
15670 58
15680 27
15690 177
15700 27
15710 84
15720 146
15730 53
15740 102
15750 128
15760 27
15770 27
15780 102
15790 190
15800 40
15810 190
15820 146
15830 102
15840 102
15850 102
15860 102
15870 128
15880 53
15890 128
15900 53
15910 146
15920 27
15930 53
15940 53
15950 146
15960 53
15970 53
15980 84
15990 53
16000 115
16010 53
16020 146
16030 45
16040 115
16050 45
16060 45
16070 27
16080 71
16090 45
16100 71
16110 71
16120 97
16130 71
16140 71
16150 71
16160 66
16170 66
16180 66
16190 115
16200 159
16210 71
16220 159
16230 115
16240 40
16250 66
16260 128
16270 66
16280 159
16290 159
16300 159
16310 128
16320 53
16330 66
16340 53
16350 146
16360 66
16370 128
16380 159
16390 115
16400 40
16410 40
16420 159
16430 40
16440 40
16450 115
16460 115
16470 115
16480 128
16490 128
16500 40
16510 172
16520 128
16530 141
16540 97
16550 97
16560 128
16570 128
16580 40
16590 97
16600 97
16610 128
16620 66
16630 203
16640 35
16650 66
16660 128
16670 115
16680 128
16690 115
16700 115
16710 128
16720 35
16730 40
16740 40
16750 66
16760 110
16770 66
16780 66
16790 66
16800 35
16810 35
16820 97
16830 110
16840 128
16850 203
16860 159
16870 58
16880 172
16890 172
16900 58
16910 203
16920 84
16930 84
16940 58
16950 110
16960 128
16970 110
16980 128
16990 84
17000 128
17010 84
17020 203
17030 40
17040 79
17050 79
17060 172
17070 128
17080 66
17090 128
17100 66
17110 53
17120 27
17130 27
17140 172
17150 128
17160 79
17170 172
17180 79
17190 27
17200 27
17210 110
17220 79
17230 79
17240 172
17250 53
17260 128
17270 172
17280 48
17290 35
17300 141
17310 172
17320 48
17330 141
17340 66
17350 48
17360 48
17370 53
17380 53
17390 185
17400 79
17410 172
17420 141
17430 141
17440 48
17450 48
17460 48
17470 141
17480 110
17490 53
17500 79
17510 79
17520 79
17530 79
17540 141
17550 141
17560 141
17570 141
17580 128
17590 128
17600 97
17610 141
17620 97
17630 53
17640 48
17650 141
17660 172
17670 97
17680 97
17690 97
17700 48
17710 97
17720 123
17730 172
17740 79
17750 97
17760 35
17770 35
17780 35
17790 71
17800 141
17810 97
17820 97
17830 48
17840 97
17850 97
17860 48
17870 110
17880 48
17890 48
17900 141
17910 97
17920 22
17930 48
17940 48
17950 48
17960 48
17970 185
17980 79
17990 48
18000 48
18010 40
18020 40
18030 92
18040 141
18050 48
18060 40
18070 40
18080 22
18090 22
18100 40
18110 40
18120 66
18130 123
18140 92
18150 66
18160 66
18170 66
18180 141
18190 141
18200 22
18210 154
18220 61
18230 154
18240 110
18250 154
18260 110
18270 61
18280 35
18290 66
18300 123
18310 154
18320 154
18330 154
18340 154
18350 123
18360 61
18370 185
18380 61
18390 154
18400 48
18410 48
18420 61
18430 154
18440 110
18450 229
18460 92
18470 110
18480 35
18490 154
18500 35
18510 154
18520 110
18530 110
18540 92
18550 154
18560 123
18570 35
18580 185
18590 61
18600 123
18610 92
18620 92
18630 154
18640 123
18650 110
18660 136
18670 35
18680 92
18690 185
18700 61
18710 198
18720 61
18730 61
18740 61
18750 48
18760 154
18770 84
18780 110
18790 110
18800 123
18810 61
18820 61
18830 61
18840 35
18850 154
18860 105
18870 154
18880 61
18890 61
18900 61
18910 154
18920 61
18930 61
18940 154
18950 61
18960 154
18970 154
18980 53
18990 154
19000 167
19010 123
19020 53
19030 53
19040 79
19050 79
19060 53
19070 105
19080 105
19090 79
19100 61
19110 105
19120 123
19130 123
19140 74
19150 198
19160 35
19170 123
19180 167
19190 74
19200 22
19210 167
19220 61
19230 123
19240 61
19250 48
19260 74
19270 123
19280 22
19290 167
19300 61
19310 105
19320 123
19330 74
19340 22
19350 74
19360 22
19370 22
19380 74
19390 167
19400 167
19410 180
19420 123
19430 167
19440 167
19450 167
19460 48
19470 48
19480 136
19490 136
19500 123
19510 61
19520 43
19530 74
19540 43
19550 154
19560 43
19570 198
19580 74
19590 167
19600 136
19610 136
19620 167
19630 136
19640 136
19650 48
19660 136
19670 167
19680 74
19690 74
19700 74
19710 97
19720 74
19730 97
19740 198
19750 136
19760 136
19770 136
19780 123
19790 123
19800 74
19810 43
19820 74
19830 48
19840 92
19850 43
19860 43
19870 167
19880 92
19890 74
19900 74
19910 92
19920 92
19930 105
19940 118
19950 167
19960 74
19970 92
19980 92
19990 66
20000 30
20010 30
20020 30
20030 66
20040 92
20050 92
20060 43
20070 43
20080 92
20090 92
20100 118
20110 92
20120 43
20130 43
20140 136
20150 92
20160 43
20170 43
20180 43
20190 149
20200 43
20210 136
20220 87
20230 74
20240 43
20250 43
20260 74
20270 35
20280 87
20290 35
20300 136
20310 87
20320 35
20330 35
20340 35
20350 180
20360 43
20370 35
20380 74
20390 180
20400 87
20410 87
20420 61
20430 149
20440 61
20450 61
20460 61
20470 118
20480 17
20490 149
20500 56
20510 149
20520 56
20530 136
20540 149
20550 56
20560 30
20570 56
20580 61
20590 118
20600 149
20610 149
20620 30
20630 30
20640 105
20650 105
20660 56
20670 180
20680 56
20690 149
20700 149
20710 56
20720 43
20730 56
20740 43
20750 87
20760 105
20770 87
20780 105
20790 87
20800 30
20810 180
20820 30
20830 255
20840 105
20850 43
20860 87
20870 149
20880 56
20890 56
20900 87
20910 56
20920 180
20930 131
20940 87
20950 87
20960 149
20970 149
20980 105
20990 87
21000 30
21010 149
21020 87
21030 180
21040 56
21050 193
21060 43
21070 193
21080 56
21090 149
21100 105
21110 149
21120 118
21130 105
21140 105
21150 79
21160 118
21170 149
21180 149
21190 100
21200 30
21210 149
21220 100
21230 149
21240 56
21250 56
21260 56
21270 56
21280 56
21290 56
21300 56
21310 149
21320 56
21330 193
21340 48
21350 56
21360 149
21370 48
21380 162
21390 74
21400 48
21410 48
21420 100
21430 193
21440 74
21450 48
21460 74
21470 87
21480 100
21490 56
21500 100
21510 74
21520 118
21530 118
21540 149
21550 149
21560 30
21570 30
21580 162
21590 69
21600 118
21610 118
21620 162
21630 69
21640 43
21650 69
21660 43
21670 69
21680 118
21690 118
21700 162
21710 206
21720 100
21730 56
21740 118
21750 118
21760 17
21770 69
21780 56
21790 100
21800 69
21810 69
21820 131
21830 69
21840 17
21850 118
21860 162
21870 118
21880 162
21890 43
21900 43
21910 162
21920 131
21930 131
21940 118
21950 56
21960 43
21970 162
21980 69
21990 100
22000 43
22010 175
22020 193
22030 69
22040 162
22050 162
22060 162
22070 100
22080 131
22090 131
22100 131
22110 100
22120 131
22130 162
22140 131
22150 69
22160 69
22170 69
22180 56
22190 56
22200 69
22210 193
22220 131
22230 162
22240 131
22250 131
22260 118
22270 237
22280 69
22290 144
22300 69
22310 43
22320 131
22330 69
22340 131
22350 118
22360 69
22370 69
22380 131
22390 69
22400 87
22410 38
22420 100
22430 69
22440 87
22450 38
22460 69
22470 87
22480 87
22490 61
22500 162
22510 61
22520 162
22530 61
22540 87
22550 87
22560 38
22570 38
22580 38
22590 61
22600 87
22610 87
22620 113
22630 113
22640 38
22650 38
22660 131
22670 87
22680 82
22690 82
22700 131
22710 162
22720 38
22730 82
22740 38
22750 82
22760 69
22770 131
22780 175
22790 69
22800 30
22810 30
22820 82
22830 30
22840 131
22850 82
22860 175
22870 69
22880 30
22890 30
22900 30
22910 144
22920 30
22930 69
22940 175
22950 113
22960 82
22970 82
22980 38
22990 87
23000 56
23010 56
23020 56
23030 113
23040 25
23050 38
23060 144
23070 56
23080 51
23090 56
23100 131
23110 144
23120 51
23130 51
23140 82
23150 82
23160 56
23170 51
23180 144
23190 144
23200 25
23210 25
23220 144
23230 113
23240 51
23250 175
23260 144
23270 144
23280 144
23290 144
23300 51
23310 51
23320 38
23330 82
23340 82
23350 82
23360 100
23370 82
23380 100
23390 82
23400 144
23410 144
23420 175
23430 144
23440 38
23450 38
23460 105
23470 82
23480 144
23490 82
23500 56
23510 157
23520 51
23530 51
23540 175
23550 126
23560 82
23570 82
23580 82
23590 82
23600 144
23610 100
23620 144
23630 100
23640 144
23650 82
23660 175
23670 175
23680 51
23690 38
23700 38
23710 74
23720 51
23730 74
23740 100
23750 144
23760 51
23770 51
23780 51
23790 144
23800 51
23810 100
23820 144
23830 144
23840 95
23850 95
23860 95
23870 100
23880 144
23890 250
23900 51
23910 51
23920 51
23930 51
23940 95
23950 51
23960 51
23970 82
23980 82
23990 188
24000 51
24010 43
24020 51
24030 95
24040 144
24050 43
24060 157
24070 188
24080 43
24090 43
24100 95
24110 188
24120 95
24130 51
24140 43
24150 43
24160 69
24170 69
24180 95
24190 95
24200 69
24210 188
24220 95
24230 188
24240 144
24250 144
24260 25
24270 250
24280 157
24290 64
24300 64
24310 188
24320 113
24330 157
24340 113
24350 157
24360 38
24370 38
24380 64
24390 38
24400 113
24410 157
24420 113
24430 157
24440 95
24450 157
24460 113
24470 113
24480 51
24490 51
24500 64
24510 64
24520 157
24530 69
24540 64
24550 126
24560 64
24570 157
24580 51
24590 51
24600 157
24610 157
24620 157
24630 95
24640 38
24650 157
24660 38
24670 188
24680 38
24690 51
24700 144
24710 113
24720 64
24730 64
24740 95
24750 64
24760 38
24770 95
24780 188
24790 157
24800 157
24810 157
24820 157
24830 95
24840 157
24850 95
24860 64
24870 113
24880 38
24890 38
24900 38
24910 126
24920 64
24930 64
24940 188
24950 201
24960 126
24970 64
24980 64
24990 188
25000 126
25010 157
25020 113
25030 126
25040 126
25050 113
25060 87
25070 64
25080 64
25090 64
25100 38
25110 108
25120 126
25130 126
25140 126
25150 157
25160 64
25170 108
25180 126
25190 64
25200 64
25210 64
25220 64
25230 64
25240 95
25250 95
25260 64
25270 64
25280 82
25290 157
25300 82
25310 56
25320 82
25330 108
25340 157
25350 56
25360 82
25370 82
25380 82
25390 38
25400 201
25410 108
25420 56
25430 56
25440 108
25450 108
25460 108
25470 95
25480 33
25490 82
25500 201
25510 82
25520 77
25530 77
25540 126
25550 157
25560 77
25570 126
25580 126
25590 77
25600 33
25610 170
25620 64
25630 170
25640 64
25650 51
25660 51
25670 64
25680 25
25690 126
25700 126
25710 77
25720 170
25730 64
25740 77
25750 77
25760 25
25770 25
25780 25
25790 77
25800 64
25810 170
25820 108
25830 170
25840 77
25850 170
25860 25
25870 77
25880 51
25890 126
25900 51
25910 108
25920 33
25930 170
25940 33
25950 170
25960 139
25970 51
25980 51
25990 126
26000 139
26010 139
26020 139
26030 51
26040 77
26050 108
26060 51
26070 77
26080 139
26090 139
26100 139
26110 108
26120 139
26130 51
26140 139
26150 108
26160 46
26170 139
26180 139
26190 77
26200 139
26210 139
26220 51
26230 108
26240 33
26250 77
26260 77
26270 77
26280 33
26290 46
26300 77
26310 139
26320 139
26330 139
26340 139
26350 170
26360 139
26370 126
26380 126
26390 245
26400 139
26410 139
26420 139
26430 170
26440 51
26450 152
26460 77
26470 46
26480 46
26490 170
26500 77
26510 276
26520 77
26530 77
26540 77
26550 77
26560 139
26570 108
26580 139
26590 77
26600 139
26610 77
26620 170
26630 170
26640 183
26650 183
26660 95
26670 183
26680 183
26690 170
26700 69
26710 95
26720 139
26730 139
26740 46
26750 51
26760 139
26770 69
26780 46
26790 95
26800 139
26810 139
26820 46
26830 152
26840 95
26850 46
26860 139
26870 95
26880 46
26890 46
26900 46
26910 51
26920 46
26930 90
26940 90
26950 183
26960 46
26970 77
26980 77
26990 183
27000 139
27010 77
27020 38
27030 38
27040 46
27050 46
27060 139
27070 152
27080 183
27090 183
27100 46
27110 90
27120 183
27130 183
27140 90
27150 90
27160 38
27170 38
27180 38
27190 90
27200 64
27210 90
27220 64
27230 90
27240 64
27250 90
27260 183
27270 139
27280 139
27290 139
27300 121
27310 183
27320 152
27330 64
27340 59
27350 183
27360 59
27370 59
27380 152
27390 64
27400 59
27410 152
27420 90
27430 59
27440 33
27450 121
27460 152
27470 64
27480 152
27490 33
27500 90
27510 183
27520 108
27530 108
27540 59
27550 170
27560 108
27570 59
27580 90
27590 108
27600 46
27610 59
27620 121
27630 121
27640 59
27650 90
27660 46
27670 46
27680 152
27690 152
27700 152
27710 90
27720 152
27730 90
27740 152
27750 183
27760 108
27770 108
27780 46
27790 139
27800 108
27810 90
27820 152
27830 59
27840 33
27850 59
27860 33
27870 152
27880 183
27890 152
27900 134
27910 33
27920 152
27930 152
27940 108
27950 152
27960 59
27970 59
27980 108
27990 121
28000 33
28010 33
28020 33
28030 59
28040 59
28050 108
28060 183
28070 196
28080 46
28090 46
28100 59
28110 90
28120 152
28130 59
28140 108
28150 108
28160 121
28170 108
28180 108
28190 108
28200 121
28210 59
28220 59
28230 59
28240 33
28250 103
28260 103
28270 59
28280 152
28290 33
28300 33
28310 33
28320 121
28330 121
28340 59
28350 59
28360 59
28370 59
28380 59
28390 59
28400 90
28410 90
28420 59
28430 59
28440 121
28450 51
28460 59
28470 51
28480 77
28490 51
28500 77
28510 152
28520 51
28530 51
28540 196
28550 51
28560 33
28570 33
28580 196
28590 103
28600 51
28610 51
28620 77
28630 51
28640 103
28650 103
28660 103
28670 196
28680 77
28690 196
28700 77
28710 77
28720 72
28730 152
28740 72
28750 134
28760 72
28770 165
28780 121
28790 72
28800 59
28810 121
28820 165
28830 72
28840 59
28850 121
28860 72
28870 46
28880 59
28890 72
28900 46
28910 134
28920 72
28930 165
28940 165
28950 165
28960 72
28970 72
28980 72
28990 183
29000 72
29010 134
29020 59
29030 72
29040 59
29050 103
29060 165
29070 165
29080 72
29090 134
29100 134
29110 134
29120 46
29130 121
29140 46
29150 103
29160 46
29170 103
29180 90
29190 165
29200 46
29210 46
29220 196
29230 46
29240 121
29250 46
29260 121
29270 121
29280 134
29290 134
29300 72
29310 103
29320 46
29330 72
29340 77
29350 178
29360 134
29370 134
29380 165
29390 271
29400 103
29410 134
29420 103
29430 121
29440 41
29450 134
29460 134
29470 121
29480 134
29490 46
29500 46
29510 103
29520 41
29530 72
29540 72
29550 72
29560 209
29570 59
29580 41
29590 72
29600 134
29610 134
29620 134
29630 59
29640 165
29650 165
29660 134
29670 121
29680 121
29690 240
29700 134
29710 72
29720 41
29730 41
29740 46
29750 165
29760 41
29770 72
29780 41
29790 116
29800 41
29810 46
29820 72
29830 72
29840 72
29850 72
29860 72
29870 72
29880 41
29890 72
29900 103
29910 72
29920 134
29930 134
29940 134
29950 165
29960 165
29970 64
29980 72
29990 64
30000 178
30010 64
30020 178
30030 103
30040 64
30050 90
30060 209
30070 64
30080 134
30090 41
30100 41
30110 152
30120 134
30130 41
30140 90
30150 134
30160 134
30170 116
30180 72
30190 116
30200 90
30210 134
30220 134
30230 90
30240 41
30250 41
30260 41
30270 103
30280 134
30290 165
30300 85
30310 85
30320 178
30330 178
30340 134
30350 209
30360 72
30370 178
30380 134
30390 134
30400 33
30410 33
30420 33
30430 116
30440 33
30450 85
30460 59
30470 178
30480 41
30490 41
30500 85
30510 85
30520 178
30530 134
30540 85
30550 85
30560 33
30570 33
30580 33
30590 85
30600 41
30610 178
30620 85
30630 85
30640 178
30650 178
30660 59
30670 178
30680 134
30690 59
30700 178
30710 134
30720 28
30730 41
30740 147
30750 59
30760 54
30770 178
30780 147
30790 54
30800 54
30810 147
30820 147
30830 72
30840 54
30850 85
30860 54
30870 54
30880 28
30890 28
30900 147
30910 90
30920 147
30930 209
30940 85
30950 178
30960 147
30970 116
30980 54
30990 116
31000 54
31010 147
31020 54
31030 85
31040 103
31050 147
31060 103
31070 116
31080 41
31090 116
31100 54
31110 85
31120 41
31130 41
31140 222
31150 72
31160 85
31170 85
31180 147
31190 222
31200 147
31210 147
31220 178
31230 85
31240 103
31250 147
31260 134
31270 134
31280 103
31290 85
31300 147
31310 54
31320 103
31330 59
31340 59
31350 103
31360 28
31370 54
31380 178
31390 129
31400 28
31410 103
31420 85
31430 103
31440 147
31450 85
31460 54
31470 54
31480 103
31490 116
31500 129
31510 129
31520 28
31530 28
31540 28
31550 85
31560 103
31570 178
31580 191
31590 41
31600 41
31610 77
31620 191
31630 178
31640 147
31650 147
31660 103
31670 103
31680 103
31690 54
31700 103
31710 222
31720 103
31730 147
31740 129
31750 54
31760 54
31770 54
31780 129
31790 54
31800 54
31810 103
31820 147
31830 98
31840 28
31850 28
31860 54
31870 98
31880 54
31890 59
31900 147
31910 54
31920 54
31930 54
31940 54
31950 98
31960 85
31970 54
31980 54
31990 54
32000 116
32010 46
32020 54
32030 46
32040 147
32050 98
32060 46
32070 147
32080 116
32090 191
32100 46
32110 191
32120 46
32130 46
32140 28
32150 191
32160 72
32170 72
32180 46
32190 46
32200 72
32210 46
32220 72
32230 129
32240 98
32250 98
32260 72
32270 72
32280 72
32290 72
32300 72
32310 103
32320 67
32330 147
32340 67
32350 147
32360 67
32370 54
32380 116
32390 67
32400 160
32410 160
32420 72
32430 67
32440 160
32450 160
32460 116
32470 67
32480 41
32490 41
32500 67
32510 191
32520 129
32530 160
32540 67
32550 160
32560 160
32570 160
32580 160
32590 98
32600 160
32610 116
32620 129
32630 116
32640 54
32650 54
32660 67
32670 160
32680 54
32690 54
32700 147
32710 54
32720 67
32730 129
32740 129
32750 129
32760 160
32770 54
32780 116
32790 116
32800 41
32810 41
32820 41
32830 85
32840 160
32850 98
32860 41
32870 160
32880 41
32890 41
32900 116
32910 160
32920 116
32930 116
32940 116
32950 98
32960 129
32970 67
32980 129
32990 147
33000 41
33010 72
33020 173
33030 191
33040 129
33050 129
33060 142
33070 129
33080 98
33090 98
33100 98
33110 116
33120 129
33130 129
33140 129
33150 67
33160 41
33170 129
33180 98
33190 41
33200 98
33210 98
33220 129
33230 41
33240 67
33250 67
33260 204
33270 98
33280 36
33290 67
33300 67
33310 67
33320 129
33330 160
33340 116
33350 160
33360 129
33370 129
33380 116
33390 67
33400 116
33410 129
33420 129
33430 129
33440 36
33450 36
33460 41
33470 160
33480 41
33490 111
33500 67
33510 160
33520 111
33530 111
33540 67
33550 67
33560 67
33570 129
33580 67
33590 160
33600 36
33610 67
33620 36
33630 67
33640 98
33650 67
33660 111
33670 160
33680 129
33690 129
33700 204
33710 160
33720 160
33730 67
33740 59
33750 59
33760 173
33770 173
33780 173
33790 204
33800 59
33810 59
33820 204
33830 59
33840 85
33850 41
33860 85
33870 41
33880 59
33890 59
33900 111
33910 85
33920 129
33930 111
33940 111
33950 142
33960 129
33970 111
33980 85
33990 129
34000 129
34010 85
34020 85
34030 80
34040 204
34050 160
34060 41
34070 41
34080 80
34090 80
34100 80
34110 173
34120 173
34130 173
34140 129
34150 173
34160 67
34170 173
34180 129
34190 129
34200 67
34210 54
34220 54
34230 54
34240 28
34250 129
34260 28
34270 54
34280 173
34290 173
34300 129
34310 67
34320 80
34330 80
34340 173
34350 129
34360 80
34370 80
34380 28
34390 67
34400 28
34410 28
34420 111
34430 173
34440 80
34450 80
34460 80
34470 173
34480 173
34490 173
34500 54
34510 235
34520 129
34530 54
34540 173
34550 129
34560 49
34570 173
34580 36
34590 54
34600 142
34610 54
34620 173
34630 142
34640 49
34650 129
34660 142
34670 129
34680 67
34690 142
34700 49
34710 142
34720 49
34730 49
34740 54
34750 111
34760 54
34770 85
34780 186
34790 204
34800 80
34810 80
34820 173
34830 173
34840 142
34850 142
34860 142
34870 160
34880 49
34890 142
34900 49
34910 80
34920 49
34930 54
34940 142
34950 142
34960 111
34970 111
34980 54
34990 49
35000 80
35010 80
35020 80
35030 204
35040 80
35050 80
35060 80
35070 67
35080 142
35090 217
35100 142
35110 142
35120 142
35130 173
35140 142
35150 103
35160 129
35170 129
35180 129
35190 248
35200 98
35210 142
35220 142
35230 80
35240 98
35250 142
35260 54
35270 98
35280 49
35290 49
35300 142
35310 124
35320 173
35330 80
35340 98
35350 80
35360 98
35370 98
35380 98
35390 80
35400 49
35410 80
35420 98
35430 111
35440 124
35450 124
35460 173
35470 111
35480 80
35490 80
35500 98
35510 173
35520 36
35530 186
35540 36
35550 72
35560 36
35570 173
35580 72
35590 36
35600 142
35610 142
35620 98
35630 98
35640 98
35650 98
35660 49
35670 98
35680 98
35690 98
35700 98
35710 124
35720 49
35730 142
35740 111
35750 98
35760 49
35770 49
35780 49
35790 124
35800 142
35810 93
35820 98
35830 98
35840 23
35850 49
35860 49
35870 142
35880 49
35890 142
35900 49
35910 49
35920 49
35930 186
35940 186
35950 93
35960 80
35970 80
35980 49
35990 49
36000 49
36010 49
36020 41
36030 80
36040 41
36050 67
36060 93
36070 41
36080 142
36090 155
36100 49
36110 186
36120 41
36130 49
36140 41
36150 186
36160 23
36170 186
36180 23
36190 142
36200 41
36210 41
36220 41
36230 80
36240 67
36250 67
36260 124
36270 49
36280 93
36290 93
36300 67
36310 186
36320 67
36330 67
36340 67
36350 98
36360 142
36370 80
36380 142
36390 124
36400 23
36410 186
36420 155
36430 111
36440 62
36450 62
36460 155
36470 62
36480 111
36490 62
36500 155
36510 155
36520 111
36530 62
36540 62
36550 36
36560 36
36570 62
36580 67
36590 67
36600 124
36610 62
36620 155
36630 98
36640 155
36650 155
36660 155
36670 93
36680 155
36690 124
36700 124
36710 111
36720 62
36730 173
36740 186
36750 62
36760 62
36770 62
36780 155
36790 142
36800 49
36810 62
36820 49
36830 67
36840 62
36850 67
36860 155
36870 49
36880 111
36890 111
36900 230
36910 111
36920 93
36930 93
36940 111
36950 155
36960 36
36970 36
36980 155
36990 186
37000 36
37010 93
37020 155
37030 261
37040 111
37050 111
37060 111
37070 93
37080 93
37090 36
37100 155
37110 93
37120 124
37130 62
37140 36
37150 168
37160 186
37170 62
37180 62
37190 186
37200 124
37210 36
37220 93
37230 93
37240 93
37250 111
37260 155
37270 93
37280 124
37290 124
37300 111
37310 93
37320 137
37330 93
37340 36
37350 155
37360 93
37370 93
37380 186
37390 186
37400 62
37410 62
37420 199
37430 93
37440 62
37450 49
37460 62
37470 49
37480 62
37490 49
37500 49
37510 111
37520 155
37530 155
37540 85
37550 62
37560 111
37570 67
37580 111
37590 155
37600 124
37610 124
37620 62
37630 111
37640 62
37650 124
37660 62
37670 106
37680 36
37690 62
37700 155
37710 106
37720 106
37730 36
37740 155
37750 261
37760 62
37770 124
37780 62
37790 155
37800 62
37810 62
37820 155
37830 62
37840 62
37850 62
37860 62
37870 106
37880 155
37890 93
37900 62
37910 62
37920 155
37930 155
37940 155
37950 54
37960 54
37970 54
37980 155
37990 54
38000 168
38010 168
38020 124
38030 62
38040 54
38050 199
38060 54
38070 93
38080 80
38090 36
38100 80
38110 142
38120 54
38130 62
38140 106
38150 80
38160 106
38170 106
38180 80
38190 106
38200 62
38210 106
38220 106
38230 80
38240 124
38250 124
38260 124
38270 199
38280 75
38290 124
38300 199
38310 155
38320 36
38330 36
38340 124
38350 199
38360 168
38370 124
38380 75
38390 199
38400 23
38410 124
38420 168
38430 124
38440 62
38450 75
38460 124
38470 49
38480 62
38490 49
38500 49
38510 49
38520 75
38530 62
38540 124
38550 124
38560 23
38570 23
38580 168
38590 124
38600 62
38610 49
38620 106
38630 62
38640 124
38650 124
38660 75
38670 75
38680 23
38690 62
38700 75
38710 124
38720 23
38730 106
38740 23
38750 168
38760 75
38770 75
38780 168
38790 137
38800 168
38810 168
38820 181
38830 168
38840 124
38850 62
38860 168
38870 124
38880 168
38890 168
38900 168
38910 93
38920 49
38930 168
38940 49
38950 168
38960 137
38970 49
38980 137
38990 124
39000 124
39010 124
39020 62
39030 155
39040 44
39050 137
39060 75
39070 75
39080 44
39090 106
39100 155
39110 49
39120 44
39130 181
39140 199
39150 199
39160 75
39170 168
39180 168
39190 137
39200 137
39210 137
39220 137
39230 155
39240 168
39250 150
39260 137
39270 137
39280 137
39290 124
39300 49
39310 137
39320 137
39330 49
39340 168
39350 49
39360 75
39370 75
39380 75
39390 106
39400 75
39410 199
39420 98
39430 62
39440 75
39450 75
39460 98
39470 75
39480 199
39490 137
39500 137
39510 124
39520 137
39530 137
39540 137
39550 243
39560 124
39570 75
39580 124
39590 243
39600 75
39610 75
39620 44
39630 98
39640 75
39650 137
39660 49
39670 49
39680 93
39690 75
39700 44
39710 137
39720 44
39730 119
39740 168
39750 75
39760 93
39770 75
39780 75
39790 137
39800 75
39810 75
39820 93
39830 75
39840 93
39850 93
39860 106
39870 75
39880 119
39890 119
39900 168
39910 44
39920 75
39930 75
39940 93
39950 168
39960 93
39970 93
39980 67
39990 67
40000 31
40010 67
40020 31
40030 67
40040 31
40050 137
40060 67
40070 93
40080 93
40090 93
40100 93
40110 93
40120 44
40130 93
40140 44
40150 93
40160 93
40170 93
40180 93
40190 243
40200 119
40210 106
40220 93
40230 119
40240 44
40250 119
40260 44
40270 212
40280 137
40290 137
40300 93
40310 93
40320 44
40330 44
40340 44
40350 225
40360 44
40370 137
40380 150
40390 44
40400 44
40410 88
40420 137
40430 88
40440 88
40450 44
40460 75
40470 181
40480 44
40490 44
40500 44
40510 173
40520 75
40530 62
40540 36
40550 36
40560 88
40570 88
40580 36
40590 75
40600 137
40610 137
40620 88
40630 93
40640 36
40650 44
40660 36
40670 181
40680 36
40690 88
40700 181
40710 36
40720 44
40730 44
40740 36
40750 36
40760 75
40770 75
40780 181
40790 88
40800 88
40810 88
40820 88
40830 168
40840 62
40850 181
40860 150
40870 93
40880 62
40890 62
40900 62
40910 36
40920 62
40930 137
40940 119
40950 62
40960 18
40970 44
40980 150
40990 44
41000 57
41010 62
41020 150
41030 57
41040 57
41050 57
41060 137
41070 150
41080 150
41090 150
41100 57
41110 57
41120 31
41130 31
41140 57
41150 150
41160 62
41170 57
41180 119
41190 57
41200 150
41210 93
41220 150
41230 212
41240 31
41250 88
41260 31
41270 181
41280 106
41290 119
41300 106
41310 150
41320 57
41330 181
41340 181
41350 150
41360 57
41370 57
41380 150
41390 137
41400 150
41410 150
41420 57
41430 181
41440 44
41450 44
41460 57
41470 150
41480 44
41490 88
41500 88
41510 88
41520 106
41530 75
41540 88
41550 75
41560 106
41570 150
41580 88
41590 150
41600 31
41610 150
41620 181
41630 111
41640 31
41650 150
41660 256
41670 44
41680 106
41690 137
41700 44
41710 111
41720 88
41730 150
41740 150
41750 88
41760 57
41770 57
41780 57
41790 256
41800 88
41810 88
41820 57
41830 57
41840 181
41850 132
41860 132
41870 62
41880 88
41890 88
41900 88
41910 88
41920 150
41930 88
41940 150
41950 93
41960 106
41970 57
41980 88
41990 150
42000 31
42010 31
42020 150
42030 150
42040 88
42050 88
42060 181
42070 31
42080 57
42090 57
42100 194
42110 88
42120 44
42130 106
42140 194
42150 80
42160 57
42170 57
42180 150
42190 44
42200 106
42210 57
42220 150
42230 106
42240 119
42250 57
42260 106
42270 62
42280 106
42290 150
42300 80
42310 57
42320 119
42330 57
42340 150
42350 132
42360 150
42370 57
42380 101
42390 57
42400 31
42410 31
42420 150
42430 57
42440 101
42450 225
42460 150
42470 256
42480 57
42490 101
42500 57
42510 150
42520 57
42530 57
42540 57
42550 150
42560 57
42570 57
42580 57
42590 101
42600 57
42610 57
42620 150
42630 88
42640 57
42650 57
42660 194
42670 150
42680 49
42690 75
42700 57
42710 49
42720 150
42730 150
42740 49
42750 101
42760 163
42770 101
42780 75
42790 194
42800 49
42810 194
42820 49
42830 88
42840 101
42850 31
42860 194
42870 194
42880 75
42890 75
42900 49
42910 101
42920 75
42930 75
42940 88
42950 75
42960 101
42970 132
42980 57
42990 101
43000 101
43010 75
43020 75
43030 75
43040 119
43050 119
43060 119
43070 101
43080 150
43090 194
43100 150
43110 150
43120 31
43130 31
43140 31
43150 194
43160 163
43170 163
43180 70
43190 194
43200 119
43210 163
43220 119
43230 163
43240 163
43250 194
43260 70
43270 119
43280 44
43290 44
43300 70
43310 44
43320 44
43330 101
43340 70
43350 44
43360 119
43370 119
43380 119
43390 75
43400 163
43410 119
43420 207
43430 163
43440 101
43450 101
43460 57
43470 194
43480 119
43490 70
43500 119
43510 163
43520 18
43530 57
43540 70
43550 119
43560 57
43570 70
43580 101
43590 163
43600 70
43610 57
43620 70
43630 163
43640 132
43650 70
43660 70
43670 70
43680 18
43690 18
43700 119
43710 57
43720 163
43730 119
43740 119
43750 163
43760 163
43770 163
43780 44
43790 44
43800 44
43810 44
43820 163
43830 163
43840 132
43850 44
43860 132
43870 163
43880 119
43890 44
43900 57
43910 150
43920 44
43930 44
43940 163
43950 101
43960 70
43970 163
43980 101
43990 150
44000 44
44010 44
44020 176
44030 75
44040 194
44050 70
44060 70
44070 163
44080 163
44090 132
44100 163
44110 101
44120 163
44130 101
44140 101
44150 119
44160 132
44170 132
44180 132
44190 70
44200 132
44210 119
44220 101
44230 44
44240 132
44250 44
44260 163
44270 44
44280 132
44290 70
44300 70
44310 70
44320 70
44330 70
44340 70
44350 93
44360 57
44370 93
44380 57
44390 70
44400 70
44410 70
44420 194
44430 70
44440 132
44450 119
44460 163
44470 119
44480 132
44490 132
44500 132
44510 119
44520 119
44530 119
44540 238
44550 93
44560 70
44570 70
44580 145
44590 70
44600 70
44610 70
44620 44
44630 44
44640 132
44650 132
44660 70
44670 70
44680 132
44690 163
44700 119
44710 163
44720 70
44730 70
44740 70
44750 119
44760 132
44770 70
44780 70
44790 75
44800 88
44810 70
44820 39
44830 70
44840 101
44850 70
44860 70
44870 101
44880 88
44890 163
44900 39
44910 70
44920 70
44930 132
44940 88
44950 163
44960 88
44970 88
44980 62
44990 62
45000 163
45010 88
45020 62
45030 114
45040 163
45050 163
45060 62
45070 62
45080 88
45090 88
45100 88
45110 70
45120 39
45130 44
45140 39
45150 114
45160 39
45170 88
45180 62
45190 62
45200 88
45210 88
45220 88
45230 114
45240 114
45250 88
45260 114
45270 145
45280 39
45290 39
45300 39
45310 114
45320 132
45330 88
45340 88
45350 88
45360 83
45370 83
45380 83
45390 88
45400 132
45410 44
45420 163
45430 145
45440 39
45450 83
45460 83
45470 145
45480 39
45490 83
45500 83
45510 39
45520 70
45530 176
45540 132
45550 176
45560 176
45570 70
45580 70
45590 57
45600 31
45610 31
45620 31
45630 57
45640 83
45650 83
45660 31
45670 132
45680 132
45690 132
45700 83
45710 88
45720 176
45730 132
45740 70
45750 176
45760 31
45770 83
45780 31
45790 176
45800 31
45810 194
45820 145
45830 31
45840 31
45850 31
45860 70
45870 70
45880 176
45890 83
45900 114
45910 83
45920 83
45930 83
45940 83
45950 88
45960 39
45970 145
45980 88
45990 83
46000 57
46010 57
46020 57
46030 70
46040 57
46050 57
46060 114
46070 57
46080 26
46090 176
46100 39
46110 101
46120 145
46130 57
46140 57
46150 145
46160 52
46170 145
46180 57
46190 176
46200 132
46210 145
46220 145
46230 145
46240 52
46250 52
46260 52
46270 132
46280 83
46290 176
46300 83
46310 114
46320 57
46330 114
46340 52
46350 57
46360 145
46370 189
46380 145
46390 132
46400 26
46410 83
46420 26
46430 176
46440 145
46450 145
46460 114
46470 145
46480 52
46490 52
46500 176
46510 176
46520 145
46530 114
46540 145
46550 83
46560 145
46570 145
46580 145
46590 114
46600 52
46610 176
46620 52
46630 114
46640 39
46650 52
46660 83
46670 207
46680 83
46690 83
46700 83
46710 220
46720 101
46730 83
46740 83
46750 70
46760 101
46770 145
46780 83
46790 145
46800 145
46810 145
46820 145
46830 145
46840 176
46850 176
46860 145
46870 251
46880 39
46890 39
46900 39
46910 132
46920 106
46930 145
46940 83
46950 145
46960 145
46970 83
46980 83
46990 176
47000 57
47010 57
47020 158
47030 57
47040 52
47050 52
47060 52
47070 158
47080 176
47090 132
47100 127
47110 83
47120 83
47130 83
47140 83
47150 83
47160 83
47170 83
47180 83
47190 101
47200 145
47210 145
47220 101
47230 83
47240 145
47250 83
47260 101
47270 83
47280 145
47290 145
47300 83
47310 251
47320 176
47330 26
47340 176
47350 176
47360 52
47370 189
47380 39
47390 75
47400 39
47410 189
47420 75
47430 189
47440 52
47450 39
47460 75
47470 75
47480 101
47490 101
47500 145
47510 101
47520 52
47530 52
47540 52
47550 57
47560 52
47570 220
47580 145
47590 75
47600 52
47610 52
47620 101
47630 101
47640 145
47650 145
47660 145
47670 101
47680 96
47690 52
47700 96
47710 127
47720 96
47730 127
47740 101
47750 145
47760 145
47770 145
47780 251
47790 96
47800 52
47810 220
47820 52
47830 145
47840 52
47850 52
47860 52
47870 145
47880 96
47890 96
47900 52
47910 189
47920 52
47930 96
47940 83
47950 145
47960 83
47970 52
47980 189
47990 189
48000 52
48010 52
48020 44
48030 70
48040 52
48050 44
48060 96
48070 52
48080 145
48090 44
48100 44
48110 145
48120 158
48130 70
48140 189
48150 189
48160 44
48170 44
48180 44
48190 233
48200 96
48210 189
48220 189
48230 189
48240 96
48250 96
48260 52
48270 158
48280 44
48290 44
48300 44
48310 83
48320 70
48330 70
48340 70
48350 83
48360 96
48370 189
48380 96
48390 70
48400 70
48410 70
48420 189
48430 70
48440 96
48450 70
48460 189
48470 251
48480 145
48490 145
48500 145
48510 83
48520 26
48530 127
48540 251
48550 189
48560 158
48570 158
48580 65
48590 189
48600 65
48610 65
48620 189
48630 127
48640 114
48650 65
48660 158
48670 65
48680 114
48690 70
48700 158
48710 65
48720 39
48730 39
48740 39
48750 96
48760 65
48770 39
48780 39
48790 39
48800 114
48810 114
48820 158
48830 158
48840 114
48850 202
48860 158
48870 39
48880 96
48890 96
48900 158
48910 158
48920 114
48930 127
48940 114
48950 158
48960 52
48970 176
48980 52
48990 65
49000 65
49010 65
49020 65
49030 96
49040 158
49050 158
49060 70
49070 127
49080 65
49090 70
49100 127
49110 70
49120 65
49130 65
49140 158
49150 158
49160 52
49170 52
49180 52
49190 52
49200 158
49210 114
49220 158
49230 96
49240 158
49250 114
49260 96
49270 158
49280 39
49290 39
49300 158
49310 158
49320 39
49330 189
49340 189
49350 114
49360 39
49370 264
49380 52
49390 52
49400 145
49410 145
49420 114
49430 119
49440 65
49450 65
49460 65
49470 145
49480 96
49490 145
49500 65
49510 65
49520 39
49530 171
49540 96
49550 96
49560 189
49570 65
49580 158
49590 65
49600 158
49610 39
49620 158
49630 96
49640 158
49650 96
49660 96
49670 114
49680 158
49690 158
49700 96
49710 65
49720 65
49730 114
49740 114
49750 96
49760 39
49770 39
49780 39
49790 189
49800 39
49810 158
49820 127
49830 65
49840 65
49850 65
49860 65
49870 233
49880 189
49890 65
49900 202
49910 96
49920 127
49930 52
49940 65
49950 88
49960 65
49970 65
49980 189
49990 158
50000 127
50010 114
50020 158
50030 114
50040 114
50050 88
50060 127
50070 65
50080 127
50090 127
50100 114
50110 233
50120 88
50130 114
50140 65
50150 65
50160 65
50170 114
50180 65
50190 140
50200 39
50210 39
50220 109
50230 65
50240 127
50250 65
50260 127
50270 140
50280 127
50290 114
50300 158
50310 39
50320 65
50330 65
50340 109
50350 65
50360 127
50370 65
50380 65
50390 70
50400 65
50410 65
50420 65
50430 189
50440 65
50450 109
50460 65
50470 65
50480 96
50490 109
50500 96
50510 96
50520 65
50530 65
50540 65
50550 65
50560 83
50570 158
50580 158
50590 96
50600 83
50610 158
50620 57
50630 83
50640 83
50650 57
50660 109
50670 57
50680 158
50690 127
50700 57
50710 202
50720 83
50730 83
50740 83
50750 65
50760 83
50770 109
50780 39
50790 39
50800 202
50810 202
50820 109
50830 57
50840 57
50850 109
50860 57
50870 57
50880 109
50890 109
50900 109
50910 83
50920 109
50930 140
50940 96
50950 109
50960 34
50970 34
50980 83
50990 83
51000 202
51010 83
51020 83
51030 109
51040 78
51050 78
51060 78
51070 215
51080 127
51090 158
51100 158
51110 140
51120 78
51130 78
51140 127
51150 78
51160 127
51170 78
51180 78
51190 78
51200 34
51210 127
51220 171
51230 83
51240 65
51250 78
51260 171
51270 65
51280 65
51290 52
51300 52
51310 78
51320 52
51330 52
51340 65
51350 65
51360 26
51370 26
51380 127
51390 78
51400 127
51410 140
51420 78
51430 171
51440 171
51450 127
51460 65
51470 171
51480 78
51490 109
51500 78
51510 114
51520 26
51530 127
51540 26
51550 140
51560 26
51570 78
51580 78
51590 65
51600 65
51610 65
51620 171
51630 78
51640 109
51650 78
51660 171
51670 127
51680 78
51690 78
51700 171
51710 83
51720 26
51730 83
51740 78
51750 140
51760 52
51770 171
51780 127
51790 65
51800 52
51810 171
51820 109
51830 52
51840 34
51850 171
51860 171
51870 109
51880 34
51890 171
51900 171
51910 52
51920 140
51930 171
51940 52
51950 202
51960 52
51970 52
51980 127
51990 127
52000 140
52010 140
52020 140
52030 158
52040 140
52050 158
52060 52
52070 140
52080 78
52090 78
52100 109
52110 171
52120 52
52130 52
52140 78
52150 52
52160 140
52170 184
52180 140
52190 127
52200 140
52210 202
52220 109
52230 171
52240 140
52250 140
52260 52
52270 109
52280 140
52290 171
52300 109
52310 140
52320 47
52330 47
52340 140
52350 109
52360 140
52370 78
52380 78
52390 127
52400 140
52410 140
52420 140
52430 109
52440 52
52450 47
52460 109
52470 109
52480 34
52490 78
52500 78
52510 52
52520 78
52530 78
52540 78
52550 215
52560 34
52570 65
52580 47
52590 65
52600 78
52610 78
52620 140
52630 78
52640 140
52650 140
52660 140
52670 171
52680 140
52690 101
52700 171
52710 171
52720 140
52730 246
52740 127
52750 127
52760 127
52770 127
52780 246
52790 153
52800 140
52810 78
52820 140
52830 78
52840 140
52850 127
52860 171
52870 52
52880 52
52890 52
52900 153
52910 52
52920 78
52930 52
52940 47
52950 171
52960 47
52970 47
52980 171
52990 122
53000 78
53010 171
53020 277
53030 78
53040 78
53050 140
53060 78
53070 78
53080 78
53090 96
53100 78
53110 78
53120 140
53130 96
53140 109
53150 78
53160 140
53170 96
53180 78
53190 140
53200 140
53210 47
53220 78
53230 78
53240 171
53250 215
53260 171
53270 171
53280 184
53290 184
53300 184
53310 78
53320 96
53330 70
53340 184
53350 70
53360 184
53370 184
53380 171
53390 171
53400 70
53410 70
53420 96
53430 122
53440 140
53450 96
53460 140
53470 171
53480 47
53490 122
53500 52
53510 47
53520 140
53530 140
53540 70
53550 140
53560 47
53570 122
53580 96
53590 96
53600 140
53610 140
53620 140
53630 96
53640 47
53650 140
53660 153
53670 122
53680 96
53690 96
53700 47
53710 96
53720 140
53730 91
53740 96
53750 127
53760 47
53770 47
53780 47
53790 215
53800 47
53810 140
53820 52
53830 140
53840 47
53850 47
53860 91
53870 91
53880 91
53890 47
53900 184
53910 184
53920 47
53930 47
53940 78
53950 140
53960 78
53970 78
53980 184
53990 184
54000 140
54010 140
54020 78
54030 78
54040 39
54050 39
54060 39
54070 91
54080 47
54090 91
54100 47
54110 176
54120 140
54130 39
54140 153
54150 65
54160 184
54170 184
54180 184
54190 184
54200 47
54210 78
54220 91
54230 65
54240 184
54250 184
54260 184
54270 259
54280 91
54290 39
54300 91
54310 91
54320 39
54330 39
54340 39
54350 78
54360 39
54370 184
54380 91
54390 122
54400 65
54410 91
54420 91
54430 91
54440 65
54450 91
54460 91
54470 184
54480 65
54490 96
54500 91
54510 65
54520 184
54530 246
54540 140
54550 140
54560 140
54570 140
54580 140
54590 78
54600 122
54610 246
54620 184
54630 47
54640 153
54650 47
54660 65
54670 65
54680 60
54690 153
54700 184
54710 122
54720 60
54730 60
54740 60
54750 65
54760 153
54770 153
54780 65
54790 153
54800 60
54810 60
54820 153
54830 60
54840 91
54850 91
54860 60
54870 91
54880 34
54890 34
54900 122
54910 91
54920 153
54930 65
54940 65
54950 96
54960 153
54970 153
54980 34
54990 215
55000 91
55010 153
55020 184
55030 166
55040 109
55050 122
55060 109
55070 153
55080 60
55090 60
55100 171
55110 60
55120 109
55130 153
55140 60
55150 60
55160 91
55170 153
55180 109
55190 153
55200 47
55210 47
55220 60
55230 65
55240 122
55250 65
55260 122
55270 122
55280 60
55290 153
55300 91
55310 91
55320 47
55330 47
55340 47
55350 140
55360 153
55370 78
55380 153
55390 60
55400 153
55410 91
55420 91
55430 153
55440 153
55450 153
55460 91
55470 153
55480 153
55490 153
55500 184
55510 184
55520 109
55530 109
55540 109
55550 184
55560 47
55570 140
55580 140
55590 140
55600 109
55610 114
55620 91
55630 166
55640 153
55650 153
55660 60
55670 91
55680 34
55690 60
55700 60
55710 65
55720 34
55730 91
55740 153
55750 34
55760 184
55770 60
55780 153
55790 60
55800 135
55810 184
55820 34
55830 91
55840 153
55850 153
55860 153
55870 91
55880 109
55890 135
55900 153
55910 91
55920 60
55930 60
55940 60
55950 91
55960 109
55970 91
55980 122
55990 91
56000 34
56010 34
56020 34
56030 135
56040 34
56050 122
56060 60
56070 34
56080 60
56090 60
56100 109
56110 109
56120 184
56130 184
56140 197
56150 91
56160 47
56170 47
56180 47
56190 109
56200 60
56210 197
56220 91
56230 184
56240 153
56250 153
56260 60
56270 83
56280 109
56290 153
56300 109
56310 109
56320 122
56330 60
56340 109
56350 60
56360 109
56370 60
56380 109
56390 109
56400 122
56410 60
56420 60
56430 135
56440 60
56450 153
56460 60
56470 60
56480 34
56490 34
56500 104
56510 60
56520 104
56530 166
56540 60
56550 109
56560 153
56570 60
56580 34
56590 153
56600 34
56610 153
56620 34
56630 83
56640 122
56650 104
56660 122
56670 60
56680 60
56690 65
56700 60
56710 153
56720 60
56730 60
56740 60
56750 104
56760 60
56770 60
56780 60
56790 197
56800 91
56810 91
56820 91
56830 228
56840 60
56850 104
56860 60
56870 60
56880 122
56890 153
56900 52
56910 91
56920 60
56930 60
56940 52
56950 52
56960 78
56970 153
56980 52
56990 135
57000 78
57010 153
57020 153
57030 122
57040 52
57050 197
57060 52
57070 52
57080 197
57090 60
57100 52
57110 52
57120 34
57130 34
57140 34
57150 197
57160 197
57170 78
57180 104
57190 78
57200 52
57210 104
57220 52
57230 52
57240 78
57250 78
57260 52
57270 52
57280 104
57290 135
57300 104
57310 91
57320 104
57330 104
57340 197
57350 78
57360 78
57370 78
57380 197
57390 78
57400 78
57410 104
57420 78
57430 197
57440 73
57450 73
57460 153
57470 91
57480 73
57490 153
57500 135
57510 153
57520 73
57530 73
57540 166
57550 135
57560 122
57570 122
57580 73
57590 73
57600 60
57610 166
57620 122
57630 73
57640 166
57650 73
57660 73
57670 166
57680 60
57690 122
57700 122
57710 197
57720 73
57730 73
57740 47
57750 47
57760 60
57770 60
57780 73
57790 158
57800 47
57810 78
57820 135
57830 166
57840 73
57850 73
57860 166
57870 166
57880 166
57890 166
57900 166
57910 166
57920 73
57930 104
57940 73
57950 109
57960 73
57970 179
57980 184
57990 135
58000 73
58010 73
58020 135
58030 73
58040 60
58050 197
58060 73
58070 122
58080 60
58090 60
58100 104
58110 73
58120 166
58130 122
58140 166
58150 60
58160 73
58170 166
58180 135
58190 60
58200 135
58210 73
58220 135
58230 78
58240 47
58250 21
58260 122
58270 60
58280 47
58290 166
58300 104
58310 47
58320 47
58330 166
58340 104
58350 73
58360 91
58370 122
58380 166
58390 166
58400 47
58410 47
58420 47
58430 104
58440 197
58450 197
58460 47
58470 47
58480 122
58490 122
58500 47
58510 122
58520 122
58530 60
58540 122
58550 166
58560 135
58570 47
58580 135
58590 153
58600 73
58610 47
58620 104
58630 135
58640 47
58650 47
58660 73
58670 47
58680 78
58690 78
58700 179
58710 104
58720 135
58730 135
58740 135
58750 104
58760 166
58770 148
58780 272
58790 135
58800 104
58810 104
58820 135
58830 104
58840 104
58850 135
58860 122
58870 122
58880 42
58890 135
58900 135
58910 135
58920 135
58930 73
58940 122
58950 47
58960 135
58970 47
58980 47
58990 104
59000 47
59010 135
59020 104
59030 104
59040 42
59050 42
59060 73
59070 197
59080 73
59090 47
59100 73
59110 73
59120 210
59130 210
59140 60
59150 60
59160 42
59170 60
59180 73
59190 210
59200 135
59210 73
59220 135
59230 73
59240 135
59250 166
59260 60
59270 122
59280 166
59290 166
59300 166
59310 122
59320 135
59330 122
59340 122
59350 73
59360 122
59370 122
59380 241
59390 148
59400 135
59410 96
59420 73
59430 135
59440 42
59450 73
59460 42
59470 166
59480 47
59490 47
59500 166
59510 73
59520 42
59530 135
59540 73
59550 47
59560 42
59570 166
59580 117
59590 117
59600 42
59610 166
59620 47
59630 73
59640 73
59650 272
59660 73
59670 73
59680 73
59690 73
59700 73
59710 148
59720 73
59730 78
59740 73
59750 73
59760 42
59770 73
59780 73
59790 73
59800 104
59810 73
59820 73
59830 73
59840 135
59850 166
59860 135
59870 241
59880 135
59890 73
59900 166
59910 210
59920 166
59930 166
59940 65
59950 166
59960 73
59970 91
59980 65
59990 65
60000 179
60010 179
60020 65
60030 166
60040 179
60050 65
60060 104
60070 210
60080 65
60090 65
60100 91
60110 117
60120 210
60130 91
60140 65
60150 65
60160 135
60170 47
60180 42
60190 47
60200 42
60210 210
60220 153
60230 65
60240 135
60250 65
60260 42
60270 117
60280 91
60290 91
60300 135
60310 117
60320 135
60330 135
60340 117
60350 210
60360 73
60370 148
60380 117
60390 117
60400 91
60410 91
60420 135
60430 91
60440 135
60450 135
60460 91
60470 122
60480 42
60490 86
60500 42
60510 210
60520 42
60530 166
60540 104
60550 47
60560 135
60570 135
60580 166
60590 86
60600 86
60610 135
60620 86
60630 179
60640 179
60650 179
60660 179
60670 86
60680 135
60690 86
60700 210
60710 179
60720 73
60730 179
60740 179
60750 210
60760 135
60770 73
60780 135
60790 60
60800 34
60810 34
60820 34
60830 86
60840 34
60850 86
60860 117
60870 34
60880 34
60890 135
60900 86
60910 148
60920 60
60930 34
60940 179
60950 179
60960 42
60970 42
60980 42
60990 223
61000 86
61010 60
61020 86
61030 86
61040 179
61050 179
61060 135
61070 192
61080 86
61090 86
61100 86
61110 135
61120 34
61130 34
61140 34
61150 197
61160 34
61170 135
61180 86
61190 117
61200 42
61210 42
61220 179
61230 86
61240 86
61250 86
61260 86
61270 86
61280 179
61290 179
61300 179
61310 148
61320 60
61330 148
61340 179
61350 241
61360 135
61370 135
61380 60
61390 135
61400 179
61410 135
61420 135
61430 254
61440 29
61450 179
61460 42
61470 179
61480 148
61490 60
61500 60
61510 148
61520 55
61530 148
61540 179
61550 117
61560 148
61570 60
61580 55
61590 55
61600 55
61610 55
61620 148
61630 60
61640 148
61650 135
61660 73
61670 148
61680 55
61690 135
61700 86
61710 148
61720 55
61730 86
61740 55
61750 86
61760 29
61770 117
61780 29
61790 166
61800 148
61810 60
61820 91
61830 192
61840 148
61850 148
61860 210
61870 86
61880 86
61890 117
61900 179
61910 161
61920 148
61930 148
61940 117
61950 60
61960 55
61970 179
61980 117
61990 166
62000 55
62010 179
62020 148
62030 179
62040 55
62050 148
62060 86
62070 148
62080 104
62090 148
62100 148
62110 117
62120 104
62130 148
62140 117
62150 117
62160 42
62170 117
62180 117
62190 60
62200 55
62210 86
62220 86
62230 60
62240 42
62250 42
62260 42
62270 135
62280 223
62290 86
62300 73
62310 86
62320 86
62330 73
62340 86
62350 86
62360 148
62370 148
62380 223
62390 210
62400 148
62410 148
62420 148
62430 210
62440 179
62450 179
62460 86
62470 148
62480 104
62490 104
62500 148
62510 135
62520 135
62530 135
62540 135
62550 42
62560 104
62570 104
62580 86
62590 86
62600 148
62610 55
62620 55
62630 86
62640 104
62650 104
62660 60
62670 86
62680 60
62690 55
62700 104
62710 148
62720 29
62730 55
62740 55
62750 148
62760 179
62770 130
62780 130
62790 179
62800 29
62810 86
62820 104
62830 86
62840 86
62850 86
62860 104
62870 148
62880 148
62890 148
62900 86
62910 86
62920 55
62930 179
62940 55
62950 86
62960 104
62970 86
62980 117
62990 86
63000 130
63010 130
63020 130
63030 86
63040 29
63050 148
63060 29
63070 55
63080 29
63090 86
63100 86
63110 104
63120 104
63130 104
63140 179
63150 179
63160 192
63170 86
63180 42
63190 192
63200 42
63210 42
63220 78
63230 179
63240 192
63250 86
63260 179
63270 42
63280 148
63290 78
63300 148
63310 78
63320 104
63330 148
63340 104
63350 104
63360 104
63370 55
63380 55
63390 60
63400 104
63410 55
63420 223
63430 104
63440 104
63450 78
63460 148
63470 78
63480 130
63490 104
63500 55
63510 55
63520 55
63530 55
63540 55
63550 78
63560 130
63570 130
63580 55
63590 55
63600 55
63610 55
63620 104
63630 55
63640 148
63650 148
63660 99
63670 148
63680 29
63690 148
63700 29
63710 78
63720 55
63730 99
63740 99
63750 55
63760 55
63770 55
63780 60
63790 55
63800 148
63810 161
63820 55
63830 99
63840 55
63850 55
63860 55
63870 223
63880 55
63890 192
63900 99
63910 99
63920 86
63930 86
63940 55
63950 192
63960 55
63970 55
63980 55
63990 99
64000 117
64010 55
64020 47
64030 86
64040 55
64050 86
64060 47
64070 47
64080 148
64090 55
64100 99
64110 99
64120 47
64130 148
64140 148
64150 148
64160 117
64170 117
64180 192
64190 99
64200 47
64210 192
64220 192
64230 55
64240 47
64250 47
64260 47
64270 47
64280 29
64290 192
64300 192
64310 99
64320 73
64330 99
64340 73
64350 99
64360 47
64370 47
64380 47
64390 47
64400 73
64410 73
64420 47
64430 47
64440 73
64450 99
64460 130
64470 130
64480 99
64490 99
64500 99
64510 192
64520 73
64530 99
64540 73
64550 192
64560 73
64570 73
64580 73
64590 73
64600 73
64610 192
64620 104
64630 73
64640 68
64650 148
64660 148
64670 73
64680 68
64690 130
64700 148
64710 29
64720 68
64730 192
64740 55
64750 161
64760 117
64770 55
64780 68
64790 68
64800 161
64810 161
64820 161
64830 267
64840 73
64850 192
64860 68
64870 68
64880 161
64890 68
64900 161
64910 161
64920 117
64930 161
64940 68
64950 86
64960 42
64970 42
64980 42
64990 86
65000 68
65010 68
65020 192
65030 73
65040 130
65050 130
65060 161
65070 130
65080 68
65090 161
65100 161
65110 161
65120 161
65130 161
65140 161
65150 161
65160 161
65170 42
65180 99
65190 99
65200 161
65210 161
65220 117
65230 179
65240 130
65250 68
65260 117
65270 161
65280 55
65290 179
65300 55
65310 192
65320 68
65330 117
65340 161
65350 68
65360 55
65370 99
65380 55
65390 161
65400 148
65410 161
65420 55
65430 55
65440 68
65450 68
65460 130
65470 192
65480 130
65490 192
65500 130
65510 73
65520 161
65530 161
65540 55
65550 55
65560 117
65570 117
65580 117
65590 99
65600 42
65610 117
65620 42
65630 148
65640 42
65650 99
65660 86
65670 117
65680 161
65690 161
65700 99
65710 161
65720 42
65730 99
65740 161
65750 192
65760 42
65770 42
65780 42
65790 161
65800 117
65810 192
65820 161
65830 267
65840 117
65850 55
65860 117
65870 161
65880 117
65890 117
65900 99
65910 122
65920 130
65930 68
65940 68
65950 99
65960 130
65970 68
65980 148
65990 130
66000 42
66010 68
66020 73
66030 73
66040 174
66050 99
66060 192
66070 42
66080 130
66090 130
66100 130
66110 161
66120 143
66130 267
66140 130
66150 42
66160 99
66170 99
66180 99
66190 192
66200 99
66210 99
66220 117
66230 117
66240 130
66250 161
66260 130
66270 99
66280 130
66290 104
66300 68
66310 117
66320 42
66330 42
66340 130
66350 143
66360 99
66370 161
66380 42
66390 143
66400 99
66410 99
66420 99
66430 130
66440 130
66450 42
66460 42
66470 192
66480 68
66490 68
66500 68
66510 192
66520 205
66530 68
66540 99
66550 55
66560 37
66570 55
66580 68
66590 205
66600 68
66610 68
66620 68
66630 68
66640 130
66650 161
66660 161
66670 55
66680 117
66690 161
66700 161
66710 161
66720 130
66730 130
66740 130
66750 117
66760 117
66770 68
66780 68
66790 73
66800 117
66810 236
66820 130
66830 117
66840 130
66850 68
66860 130
66870 91
66880 37
66890 117
66900 37
66910 161
66920 42
66930 68
66940 161
66950 68
66960 42
66970 42
66980 112
66990 112
67000 68
67010 143
67020 161
67030 112
67040 112
67050 112
67060 112
67070 161
67080 68
67090 161
67100 68
67110 267
67120 68
67130 68
67140 130
67150 161
67160 68
67170 68
67180 161
67190 68
67200 37
67210 68
67220 68
67230 68
67240 37
67250 68
67260 68
67270 68
67280 99
67290 68
67300 68
67310 68
67320 112
67330 68
67340 161
67350 161
67360 130
67370 130
67380 130
67390 161
67400 205
67410 205
67420 161
67430 161
67440 161
67450 99
67460 68
67470 60
67480 60
67490 60
67500 60
67510 161
67520 174
67530 60
67540 174
67550 112
67560 174
67570 99
67580 205
67590 130
67600 60
67610 60
67620 60
67630 60
67640 205
67650 205
67660 60
67670 60
67680 86
67690 86
67700 42
67710 112
67720 86
67730 205
67740 42
67750 148
67760 60
67770 60
67780 60
67790 112
67800 112
67810 37
67820 86
67830 60
67840 130
67850 112
67860 112
67870 86
67880 112
67890 112
67900 143
67910 68
67920 130
67930 112
67940 112
67950 112
67960 86
67970 86
67980 130
67990 86
68000 130
68010 130
68020 86
68030 117
68040 86
68050 130
68060 81
68070 130
68080 205
68090 205
68100 161
68110 99
68120 42
68130 42
68140 42
68150 143
68160 81
68170 81
68180 81
68190 205
68200 81
68210 174
68220 174
68230 81
68240 174
68250 174
68260 174
68270 174
68280 130
68290 205
68300 174
68310 86
68320 68
68330 68
68340 174
68350 205
68360 130
68370 174
68380 130
68390 55
68400 68
68410 81
68420 55
68430 99
68440 55
68450 68
68460 55
68470 112
68480 29
68490 29
68500 130
68510 112
68520 29
68530 130
68540 55
68550 29
68560 174
68570 174
68580 174
68590 174
68600 130
68610 218
68620 68
68630 68
68640 81
68650 81
68660 81
68670 112
68680 174
68690 55
68700 130
68710 130
68720 81
68730 81
68740 81
68750 130
68760 29
68770 81
68780 68
68790 143
68800 29
68810 68
68820 29
68830 81
68840 112
68850 81
68860 174
68870 29
68880 81
68890 81
68900 81
68910 81
68920 81
68930 81
68940 174
68950 86
68960 174
68970 174
68980 174
68990 143
69000 55
69010 174
69020 236
69030 174
69040 130
69050 130
69060 55
69070 112
69080 174
69090 55
69100 130
69110 249
69120 50
69130 174
69140 174
69150 174
69160 37
69170 99
69180 55
69190 55
69200 143
69210 55
69220 55
69230 55
69240 174
69250 143
69260 143
69270 143
69280 50
69290 50
69300 130
69310 143
69320 143
69330 55
69340 130
69350 130
69360 68
69370 68
69380 143
69390 143
69400 50
69410 55
69420 143
69430 135
69440 50
69450 81
69460 50
69470 81
69480 55
69490 112
69500 112
69510 161
69520 55
69530 55
69540 86
69550 86
69560 187
69570 187
69580 205
69590 112
69600 81
69610 81
69620 81
69630 112
69640 174
69650 156
69660 174
69670 143
69680 143
69690 112
69700 143
69710 112
69720 143
69730 112
69740 161
69750 112
69760 50
69770 50
69780 143
69790 174
69800 50
69810 143
69820 81
69830 143
69840 50
69850 130
69860 55
69870 55
69880 143
69890 55
69900 143
69910 112
69920 112
69930 112
69940 112
69950 112
69960 55
69970 156
69980 50
69990 81
70000 81
70010 55
70020 81
70030 55
70040 81
70050 81
70060 205
70070 205
70080 81
70090 68
70100 81
70110 112
70120 81
70130 68
70140 68
70150 104
70160 143
70170 143
70180 218
70190 205
70200 143
70210 143
70220 143
70230 68
70240 143
70250 143
70260 174
70270 81
70280 143
70290 130
70300 104
70310 249
70320 130
70330 130
70340 130
70350 86
70360 130
70370 37
70380 249
70390 130
70400 99
70410 81
70420 143
70430 81
70440 143
70450 50
70460 81
70470 81
70480 99
70490 55
70500 143
70510 55
70520 55
70530 55
70540 99
70550 143
70560 50
70570 50
70580 50
70590 280
70600 143
70610 156
70620 125
70630 125
70640 174
70650 125
70660 81
70670 81
70680 99
70690 99
70700 81
70710 125
70720 99
70730 143
70740 99
70750 81
70760 99
70770 174
70780 81
70790 99
70800 50
70810 50
70820 81
70830 50
70840 99
70850 81
70860 112
70870 81
70880 125
70890 125
70900 125
70910 81
70920 174
70930 81
70940 112
70950 50
70960 81
70970 81
70980 81
70990 81
71000 99
71010 174
71020 174
71030 174
71040 37
71050 187
71060 187
71070 81
71080 37
71090 187
71100 73
71110 37
71120 37
71130 73
71140 174
71150 187
71160 73
71170 174
71180 37
71190 218
71200 143
71210 143
71220 143
71230 218
71240 99
71250 73
71260 99
71270 99
71280 99
71290 99
71300 99
71310 324
71320 50
71330 55
71340 99
71350 218
71360 99
71370 143
71380 99
71390 125
71400 99
71410 81
71420 125
71430 99
71440 50
71450 50
71460 143
71470 125
71480 112
71490 125
71500 99
71510 125
71520 50
71530 50
71540 50
71550 112
71560 50
71570 125
71580 125
71590 218
71600 143
71610 143
71620 94
71630 143
71640 99
71650 94
71660 99
71670 99
71680 24
71690 50
71700 50
71710 94
71720 50
71730 231
71740 143
71750 50
71760 50
71770 143
71780 143
71790 156
71800 50
71810 94
71820 50
71830 50
71840 50
71850 50
71860 187
71870 187
71880 187
71890 94
71900 94
71910 50
71920 81
71930 143
71940 81
71950 187
71960 50
71970 187
71980 50
71990 94
72000 50
72010 143
72020 50
72030 143
72040 42
72050 68
72060 81
72070 42
72080 42
72090 42
72100 68
72110 81
72120 94
72130 125
72140 42
72150 174
72160 143
72170 143
72180 156
72190 99
72200 50
72210 156
72220 187
72230 99
72240 42
72250 187
72260 50
72270 143
72280 42
72290 94
72300 187
72310 42
72320 24
72330 187
72340 187
72350 94
72360 24
72370 42
72380 143
72390 50
72400 42
72410 94
72420 42
72430 42
72440 42
72450 42
72460 81
72470 81
72480 68
72490 68
72500 68
72510 94
72520 125
72530 125
72540 50
72550 94
72560 94
72570 94
72580 94
72590 94
72600 68
72610 68
72620 187
72630 50
72640 68
72650 99
72660 68
72670 99
72680 68
72690 68
72700 99
72710 68
72720 143
72730 143
72740 81
72750 68
72760 143
72770 187
72780 125
72790 143
72800 24
72810 24
72820 187
72830 187
72840 156
72850 187
72860 112
72870 50
72880 63
72890 63
72900 63
72910 187
72920 156
72930 63
72940 63
72950 63
72960 112
72970 63
72980 63
72990 187
73000 156
73010 156
73020 156
73030 156
73040 112
73050 156
73060 63
73070 81
73080 63
73090 63
73100 37
73110 143
73120 37
73130 37
73140 63
73150 187
73160 68
73170 94
73180 68
73190 63
73200 125
73210 94
73220 63
73230 63
73240 156
73250 156
73260 99
73270 99
73280 156
73290 156
73300 156
73310 156
73320 156
73330 94
73340 94
73350 37
73360 156
73370 156
73380 125
73390 156
73400 125
73410 169
73420 112
73430 156
73440 63
73450 63
73460 174
73470 125
73480 187
73490 143
73500 63
73510 156
73520 63
73530 63
73540 63
73550 156
73560 156
73570 112
73580 143
73590 156
73600 50
73610 50
73620 63
73630 156
73640 50
73650 50
73660 68
73670 50
73680 63
73690 125
73700 68
73710 169
73720 156
73730 94
73740 50
73750 50
73760 112
73770 112
73780 112
73790 94
73800 231
73810 94
73820 112
73830 81
73840 94
73850 94
73860 94
73870 81
73880 112
73890 112
73900 156
73910 117
73920 37
73930 156
73940 37
73950 125
73960 156
73970 187
73980 187
73990 187
74000 37
74010 37
74020 94
74030 37
74040 156
74050 156
74060 262
74070 112
74080 112
74090 112
74100 112
74110 94
74120 112
74130 112
74140 94
74150 117
74160 94
74170 94
74180 37
74190 94
74200 156
74210 63
74220 94
74230 143
74240 125
74250 63
74260 63
74270 68
74280 37
74290 68
74300 169
74310 94
74320 187
74330 37
74340 63
74350 63
74360 63
74370 187
74380 187
74390 187
74400 125
74410 125
74420 37
74430 138
74440 94
74450 112
74460 94
74470 94
74480 94
74490 94
74500 112
74510 112
74520 156
74530 156
74540 94
74550 169
74560 125
74570 63
74580 125
74590 63
74600 112
74610 112
74620 94
74630 94
74640 138
74650 138
74660 94
74670 156
74680 37
74690 138
74700 156
74710 138
74720 94
74730 94
74740 94
74750 262
74760 187
74770 37
74780 187
74790 37
74800 63
74810 112
74820 63
74830 187
74840 200
74850 200
74860 94
74870 50
74880 63
74890 50
74900 50
74910 50
74920 63
74930 86
74940 50
74950 63
74960 63
74970 187
74980 50
74990 156
75000 50
75010 86
75020 112
75030 112
75040 156
75050 156
75060 156
75070 86
75080 86
75090 86
75100 63
75110 63
75120 112
75130 63
75140 68
75150 63
75160 112
75170 112
75180 156
75190 138
75200 125
75210 63
75220 125
75230 86
75240 63
75250 112
75260 112
75270 156
75280 63
75290 63
75300 125
75310 156
75320 63
75330 138
75340 107
75350 63
75360 37
75370 37
75380 63
75390 138
75400 156
75410 107
75420 107
75430 63
75440 107
75450 107
75460 37
75470 231
75480 156
75490 63
75500 262
75510 262
75520 63
75530 107
75540 125
75550 231
75560 63
75570 63
75580 156
75590 63
75600 63
75610 156
75620 63
75630 63
75640 156
75650 63
75660 63
75670 63
75680 63
75690 63
75700 63
75710 200
75720 63
75730 169
75740 107
75750 63
75760 156
75770 156
75780 94
75790 94
75800 63
75810 63
75820 63
75830 107
75840 156
75850 156
75860 156
75870 192
75880 156
75890 55
75900 55
75910 63
75920 55
75930 55
75940 55
75950 156
75960 156
75970 107
75980 55
75990 63
76000 169
76010 169
76020 169
76030 200
76040 125
76050 112
76060 63
76070 200
76080 55
76090 55
76100 200
76110 200
76120 55
76130 55
76140 94
76150 244
76160 81
76170 37
76180 37
76190 55
76200 81
76210 37
76220 143
76230 81
76240 55
76250 81
76260 63
76270 55
76280 107
76290 55
76300 81
76310 55
76320 107
76330 107
76340 107
76350 81
76360 81
76370 200
76380 107
76390 138
76400 63
76410 63
76420 107
76430 200
76440 107
76450 200
76460 81
76470 81
76480 125
76490 81
76500 125
76510 200
76520 125
76530 94
76540 200
76550 125
76560 76
76570 76
76580 125
76590 156
76600 200
76610 156
76620 156
76630 94
76640 37
76650 37
76660 37
76670 138
76680 125
76690 37
76700 200
76710 200
76720 169
76730 169
76740 125
76750 169
76760 76
76770 76
76780 200
76790 81
76800 24
76810 169
76820 125
76830 200
76840 169
76850 81
76860 125
76870 169
76880 63
76890 169
76900 76
76910 161
76920 125
76930 125
76940 50
76950 50
76960 63
76970 63
76980 50
76990 76
77000 50
77010 76
77020 50
77030 107
77040 76
77050 161
77060 63
77070 81
77080 125
77090 138
77100 125
77110 50
77120 24
77130 76
77140 24
77150 169
77160 169
77170 125
77180 125
77190 213
77200 63
77210 63
77220 50
77230 169
77240 107
77250 107
77260 63
77270 50
77280 125
77290 125
77300 125
77310 213
77320 76
77330 169
77340 76
77350 169
77360 24
77370 76
77380 63
77390 138
77400 76
77410 76
77420 125
77430 76
77440 24
77450 63
77460 107
77470 169
77480 24
77490 169
77500 169
77510 76
77520 76
77530 63
77540 76
77550 76
77560 169
77570 81
77580 138
77590 200
77600 169
77610 169
77620 169
77630 63
77640 182
77650 231
77660 169
77670 24
77680 125
77690 63
77700 63
77710 107
77720 169
77730 169
77740 125
77750 244
77760 169
77770 169
77780 169
77790 169
77800 169
77810 107
77820 94
77830 50
77840 50
77850 50
77860 169
77870 50
77880 50
77890 50
77900 169
77910 169
77920 138
77930 138
77940 50
77950 169
77960 138
77970 200
77980 125
77990 169
78000 125
78010 125
78020 125
78030 275
78040 63
78050 138
78060 156
78070 156
78080 45
78090 50
78100 138
78110 130
78120 76
78130 107
78140 76
78150 76
78160 45
78170 138
78180 107
78190 107
78200 156
78210 76
78220 50
78230 76
78240 45
78250 45
78260 182
78270 182
78280 200
78290 107
78300 200
78310 76
78320 76
78330 76
78340 169
78350 169
78360 169
78370 169
78380 138
78390 200
78400 138
78410 107
78420 138
78430 125
78440 138
78450 107
78460 156
78470 107
78480 169
78490 169
78500 151
78510 169
78520 138
78530 107
78540 138
78550 76
78560 138
78570 138
78580 125
78590 107
78600 50
78610 107
78620 138
78630 50
78640 138
78650 107
78660 50
78670 50
78680 169
78690 107
78700 50
78710 169
78720 76
78730 45
78740 76
78750 107
78760 76
78770 76
78780 107
78790 76
78800 76
78810 76
78820 200
78830 200
78840 99
78850 213
78860 63
78870 63
78880 76
78890 76
78900 76
78910 63
78920 99
78930 107
78940 76
78950 76
78960 200
78970 200
78980 138
78990 63
79000 138
79010 63
79020 125
79030 99
79040 138
79050 169
79060 138
79070 99
79080 138
79090 99
79100 244
79110 138
79120 125
79130 125
79140 76
79150 125
79160 125
79170 76
79180 244
79190 125
79200 76
79210 76
79220 76
79230 151
79240 45
79250 76
79260 99
79270 76
79280 76
79290 76
79300 138
79310 125
79320 50
79330 138
79340 50
79350 125
79360 94
79370 138
79380 76
79390 138
79400 45
79410 76
79420 138
79430 138
79440 45
79450 120
79460 120
79470 125
79480 169
79490 45
79500 76
79510 76
79520 94
79530 94
79540 76
79550 120
79560 76
79570 120
79580 138
79590 76
79600 76
79610 76
79620 76
79630 76
79640 94
79650 76
79660 76
79670 76
79680 94
79690 76
79700 94
79710 76
79720 107
79730 76
79740 76
79750 76
79760 120
79770 120
79780 120
79790 120
79800 169
79810 107
79820 45
79830 76
79840 76
79850 76
79860 76
79870 306
79880 94
79890 213
79900 169
79910 169
79920 94
79930 169
79940 94
79950 76
79960 68
79970 68
79980 68
79990 68
80000 32
80010 182
80020 68
80030 94
80040 32
80050 120
80060 68
80070 169
80080 32
80090 213
80100 138
80110 68
80120 68
80130 213
80140 94
80150 68
80160 94
80170 94
80180 94
80190 213
80200 94
80210 275
80220 94
80230 50
80240 45
80250 50
80260 94
80270 213
80280 45
80290 156
80300 94
80310 120
80320 94
80330 68
80340 94
80350 120
80360 94
80370 68
80380 244
80390 94
80400 120
80410 120
80420 107
80430 120
80440 94
80450 120
80460 120
80470 151
80480 45
80490 45
80500 120
80510 120
80520 45
80530 120
80540 213
80550 120
80560 138
80570 138
80580 138
80590 182
80600 94
80610 89
80620 94
80630 94
80640 45
80650 89
80660 45
80670 89
80680 45
80690 213
80700 226
80710 138
80720 45
80730 50
80740 138
80750 169
80760 151
80770 169
80780 45
80790 89
80800 45
80810 45
80820 89
80830 89
80840 138
80850 182
80860 89
80870 89
80880 89
80890 89
80900 45
80910 182
80920 76
80930 76
80940 182
80950 89
80960 45
80970 182
80980 45
80990 89
81000 45
81010 89
81020 174
81030 76
81040 76
81050 76
81060 63
81070 76
81080 37
81090 63
81100 37
81110 63
81120 89
81130 89
81140 89
81150 169
81160 37
81170 169
81180 76
81190 138
81200 138
81210 151
81220 138
81230 182
81240 89
81250 182
81260 94
81270 182
81280 37
81290 45
81300 45
81310 244
81320 37
81330 89
81340 182
81350 37
81360 37
81370 89
81380 89
81390 76
81400 182
81410 37
81420 37
81430 138
81440 45
81450 45
81460 45
81470 138
81480 37
81490 37
81500 37
81510 37
81520 76
81530 76
81540 76
81550 89
81560 182
81570 182
81580 89
81590 213
81600 89
81610 45
81620 89
81630 76
81640 89
81650 138
81660 169
81670 89
81680 63
81690 63
81700 182
81710 45
81720 151
81730 37
81740 94
81750 151
81760 63
81770 63
81780 63
81790 94
81800 63
81810 182
81820 37
81830 76
81840 63
81850 63
81860 138
81870 76
81880 120
81890 138
81900 63
81910 182
81920 19
81930 182
81940 45
81950 182
81960 151
81970 107
81980 45
81990 151
82000 58
82010 151
82020 63
82030 120
82040 151
82050 182
82060 58
82070 58
82080 58
82090 58
82100 58
82110 213
82120 138
82130 151
82140 151
82150 151
82160 151
82170 63
82180 151
82190 138
82200 58
82210 76
82220 58
82230 138
82240 32
82250 138
82260 32
82270 138
82280 58
82290 182
82300 151
82310 89
82320 63
82330 63
82340 58
82350 151
82360 120
82370 120
82380 58
82390 151
82400 151
82410 151
82420 94
82430 94
82440 151
82450 195
82460 213
82470 138
82480 32
82490 89
82500 89
82510 89
82520 32
82530 182
82540 182
82550 151
82560 107
82570 151
82580 120
82590 164
82600 107
82610 151
82620 151
82630 58
82640 58
82650 169
82660 182
82670 182
82680 182
82690 58
82700 151
82710 182
82720 58
82730 58
82740 58
82750 182
82760 151
82770 125
82780 138
82790 151
82800 151
82810 120
82820 151
82830 63
82840 58
82850 58
82860 182
82870 63
82880 45
82890 120
82900 45
82910 182
82920 58
82930 151
82940 151
82950 89
82960 45
82970 45
82980 89
82990 89
83000 89
83010 89
83020 89
83030 45
83040 107
83050 107
83060 76
83070 76
83080 89
83090 58
83100 76
83110 76
83120 107
83130 107
83140 151
83150 112
83160 89
83170 151
83180 151
83190 213
83200 32
83210 151
83220 151
83230 182
83240 182
83250 151
83260 112
83270 182
83280 32
83290 151
83300 151
83310 151
83320 257
83330 107
83340 45
83350 138
83360 107
83370 107
83380 138
83390 138
83400 45
83410 89
83420 112
83430 151
83440 89
83450 89
83460 151
83470 89
83480 151
83490 151
83500 89
83510 138
83520 58
83530 107
83540 58
83550 63
83560 58
83570 151
83580 257
83590 164
83600 89
83610 89
83620 89
83630 151
83640 58
83650 89
83660 58
83670 58
83680 182
83690 182
83700 133
83710 89
83720 133
83730 182
83740 63
83750 89
83760 89
83770 89
83780 89
83790 89
83800 89
83810 107
83820 89
83830 151
83840 151
83850 151
83860 89
83870 164
83880 151
83890 151
83900 94
83910 151
83920 107
83930 89
83940 58
83950 89
83960 89
83970 120
83980 151
83990 151
84000 32
84010 32
84020 32
84030 133
84040 151
84050 133
84060 151
84070 151
84080 89
84090 89
84100 89
84110 120
84120 182
84130 182
84140 32
84150 151
84160 58
84170 107
84180 58
84190 182
84200 195
84210 120
84220 89
84230 45
84240 45
84250 45
84260 107
84270 45
84280 195
84290 89
84300 81
84310 45
84320 58
84330 58
84340 58
84350 81
84360 151
84370 81
84380 45
84390 81
84400 107
84410 107
84420 58
84430 81
84440 151
84450 151
84460 107
84470 81
84480 120
84490 58
84500 58
84510 58
84520 107
84530 63
84540 63
84550 58
84560 107
84570 107
84580 151
84590 133
84600 81
84610 107
84620 58
84630 58
84640 120
84650 120
84660 58
84670 107
84680 151
84690 151
84700 133
84710 151
84720 151
84730 151
84740 58
84750 58
84760 102
84770 58
84780 58
84790 89
84800 32
84810 58
84820 32
84830 58
84840 151
84850 102
84860 58
84870 107
84880 102
84890 102
84900 226
84910 107
84920 151
84930 107
84940 257
84950 257
84960 58
84970 58
84980 102
84990 151
85000 58
85010 239
85020 151
85030 151
85040 58
85050 58
85060 58
85070 151
85080 58
85090 58
85100 151
85110 102
85120 58
85130 58
85140 58
85150 102
85160 58
85170 195
85180 102
85190 58
85200 58
85210 102
85220 58
85230 89
85240 151
85250 151
85260 89
85270 89
85280 58
85290 58
85300 58
85310 102
85320 195
85330 102
85340 151
85350 58
85360 50
85370 89
85380 76
85390 50
85400 58
85410 50
85420 50
85430 50
85440 151
85450 58
85460 151
85470 195
85480 50
85490 58
85500 102
85510 50
85520 164
85530 164
85540 102
85550 164
85560 76
85570 58
85580 195
85590 195
85600 50
85610 50
85620 195
85630 195
85640 50
85650 58
85660 89
85670 239
85680 102
85690 102
85700 32
85710 195
85720 195
85730 32
85740 195
85750 138
85760 76
85770 102
85780 76
85790 50
85800 50
85810 50
85820 102
85830 50
85840 76
85850 50
85860 76
85870 50
85880 89
85890 76
85900 76
85910 76
85920 102
85930 102
85940 133
85950 133
85960 58
85970 133
85980 102
85990 195
86000 102
86010 195
86020 76
86030 76
86040 76
86050 76
86060 76
86070 195
86080 120
86090 76
86100 120
86110 195
86120 120
86130 76
86140 102
86150 195
86160 151
86170 151
86180 195
86190 151
86200 151
86210 89
86220 151
86230 151
86240 32
86250 32
86260 32
86270 89
86280 32
86290 195
86300 195
86310 195
86320 164
86330 164
86340 164
86350 195
86360 71
86370 71
86380 195
86390 76
86400 120
86410 164
86420 164
86430 133
86440 120
86450 164
86460 164
86470 120
86480 164
86490 71
86500 195
86510 151
86520 71
86530 164
86540 120
86550 164
86560 45
86570 45
86580 45
86590 226
86600 71
86610 89
86620 45
86630 45
86640 45
86650 45
86660 102
86670 151
86680 71
86690 195
86700 45
86710 102
86720 120
86730 133
86740 120
86750 45
86760 120
86770 156
86780 76
86790 164
86800 164
86810 164
86820 120
86830 120
86840 208
86850 164
86860 164
86870 226
86880 102
86890 102
86900 102
86910 102
86920 58
86930 45
86940 195
86950 164
86960 120
86970 120
86980 71
86990 177
87000 120
87010 71
87020 164
87030 71
87040 19
87050 182
87060 58
87070 182
87080 71
87090 195
87100 120
87110 71
87120 58
87130 71
87140 71
87150 133
87160 102
87170 58
87180 164
87190 164
87200 71
87210 71
87220 58
87230 164
87240 71
87250 164
87260 164
87270 76
87280 133
87290 195
87300 71
87310 58
87320 71
87330 133
87340 71
87350 133
87360 19
87370 164
87380 19
87390 102
87400 120
87410 58
87420 58
87430 58
87440 164
87450 164
87460 120
87470 239
87480 120
87490 226
87500 164
87510 89
87520 164
87530 164
87540 164
87550 89
87560 45
87570 89
87580 45
87590 164
87600 45
87610 164
87620 45
87630 164
87640 164
87650 164
87660 164
87670 164
87680 133
87690 45
87700 45
87710 125
87720 133
87730 120
87740 164
87750 45
87760 120
87770 270
87780 45
87790 58
87800 58
87810 151
87820 151
87830 151
87840 45
87850 45
87860 45
87870 58
87880 164
87890 125
87900 102
87910 71
87920 71
87930 102
87940 164
87950 164
87960 102
87970 102
87980 151
87990 120
88000 45
88010 71
88020 45
88030 102
88040 177
88050 270
88060 76
88070 102
88080 195
88090 195
88100 71
88110 195
88120 71
88130 71
88140 164
88150 195
88160 164
88170 164
88180 133
88190 195
88200 164
88210 146
88220 102
88230 102
88240 164
88250 164
88260 102
88270 151
88280 102
88290 133
88300 120
88310 120
88320 133
88330 164
88340 133
88350 102
88360 133
88370 71
88380 71
88390 71
88400 133
88410 120
88420 120
88430 71
88440 102
88450 133
88460 45
88470 146
88480 133
88490 133
88500 45
88510 120
88520 164
88530 45
88540 45
88550 164
88560 133
88570 133
88580 71
88590 71
88600 71
88610 71
88620 71
88630 102
88640 71
88650 71
88660 71
88670 120
88680 71
88690 195
88700 94
88710 208
88720 58
88730 58
88740 94
88750 58
88760 58
88770 58
88780 71
88790 208
88800 71
88810 71
88820 71
88830 208
88840 195
88850 71
88860 71
88870 164
88880 133
88890 58
88900 120
88910 94
88920 164
88930 164
88940 120
88950 164
88960 133
88970 133
88980 133
88990 239
89000 133
89010 120
89020 120
89030 133
89040 120
89050 76
89060 120
89070 71
89080 239
89090 120
89100 94
89110 94
89120 71
89130 71
89140 71
89150 120
89160 146
89170 94
89180 71
89190 120
89200 71
89210 71
89220 71
89230 146
89240 45
89250 164
89260 45
89270 120
89280 133
89290 45
89300 133
89310 177
89320 71
89330 177
89340 71
89350 133
89360 133
89370 133
89380 164
89390 133
89400 120
89410 45
89420 164
89430 164
89440 71
89450 71
89460 71
89470 164
89480 71
89490 115
89500 120
89510 71
89520 133
89530 133
89540 71
89550 239
89560 71
89570 71
89580 76
89590 76
89600 89
89610 71
89620 71
89630 71
89640 40
89650 164
89660 71
89670 71
89680 102
89690 71
89700 71
89710 71
89720 71
89730 102
89740 102
89750 102
89760 89
89770 89
89780 164
89790 102
89800 40
89810 71
89820 71
89830 71
89840 71
89850 71
89860 133
89870 133
89880 89
89890 164
89900 164
89910 71
89920 89
89930 102
89940 89
89950 71
89960 63
89970 164
89980 63
89990 63
90000 164
90010 164
90020 89
90030 102
90040 63
90050 195
90060 115
90070 63
90080 164
90090 164
90100 164
90110 283
90120 63
90130 133
90140 63
90150 208
90160 89
90170 63
90180 89
90190 208
90200 89
90210 63
90220 71
90230 63
90240 40
90250 89
90260 45
90270 115
90280 40
90290 45
90300 115
90310 208
90320 40
90330 151
90340 89
90350 115
90360 63
90370 89
90380 63
90390 63
90400 89
90410 89
90420 89
90430 239
90440 89
90450 63
90460 115
90470 115
90480 115
90490 89
90500 89
90510 208
90520 115
90530 146
90540 146
90550 102
90560 40
90570 115
90580 40
90590 208
90600 40
90610 208
90620 115
90630 89
90640 133
90650 133
90660 89
90670 208
90680 89
90690 133
90700 89
90710 89
90720 84
90730 84
90740 84
90750 115
90760 84
90770 164
90780 89
90790 221
90800 133
90810 133
90820 45
90830 89
90840 164
90850 133
90860 146
90870 164
90880 40
90890 84
90900 84
90910 84
90920 84
90930 177
90940 146
90950 133
90960 40
90970 84
90980 84
90990 84
91000 84
91010 177
91020 40
91030 177
91040 71
91050 71
91060 177
91070 84
91080 133
91090 208
91100 177
91110 84
91120 177
91130 208
91140 71
91150 169
91160 71
91170 71
91180 58
91190 89
91200 32
91210 84
91220 32
91230 84
91240 32
91250 58
91260 58
91270 71
91280 84
91290 84
91300 84
91310 84
91320 32
91330 71
91340 133
91350 58
91360 133
91370 133
91380 133
91390 208
91400 84
91410 169
91420 89
91430 177
91440 177
91450 177
91460 133
91470 120
91480 71
91490 71
91500 177
91510 177
91520 32
91530 84
91540 84
91550 115
91560 32
91570 84
91580 177
91590 32
91600 32
91610 133
91620 195
91630 84
91640 146
91650 84
91660 32
91670 177
91680 32
91690 32
91700 32
91710 84
91720 71
91730 71
91740 71
91750 71
91760 177
91770 177
91780 84
91790 208
91800 115
91810 177
91820 84
91830 177
91840 84
91850 84
91860 84
91870 164
91880 84
91890 164
91900 89
91910 177
91920 40
91930 40
91940 146
91950 32
91960 89
91970 146
91980 84
91990 84
92000 58
92010 58
92020 58
92030 84
92040 58
92050 32
92060 71
92070 71
92080 58
92090 58
92100 58
92110 177
92120 115
92130 133
92140 58
92150 177
92160 27
92170 177
92180 177
92190 115
92200 40
92210 115
92220 102
92230 40
92240 146
92250 58
92260 58
92270 177
92280 58
92290 58
92300 146
92310 146
92320 53
92330 53
92340 146
92350 177
92360 58
92370 58
92380 177
92390 58
92400 133
92410 146
92420 146
92430 177
92440 146
92450 133
92460 146
92470 208
92480 53
92490 71
92500 53
92510 133
92520 53
92530 164
92540 133
92550 58
92560 84
92570 84
92580 177
92590 146
92600 84
92610 177
92620 115
92630 115
92640 58
92650 58
92660 115
92670 115
92680 53
92690 146
92700 58
92710 58
92720 146
92730 89
92740 190
92750 190
92760 146
92770 208
92780 133
92790 146
92800 27
92810 84
92820 84
92830 89
92840 27
92850 177
92860 177
92870 146
92880 146
92890 146
92900 146
92910 58
92920 115
92930 115
92940 146
92950 146
92960 53
92970 53
92980 53
92990 115
93000 177
93010 159
93020 177
93030 53
93040 146
93050 177
93060 115
93070 146
93080 146
93090 146
93100 84
93110 146
93120 146
93130 133
93140 146
93150 115
93160 146
93170 115
93180 115
93190 146
93200 53
93210 53
93220 177
93230 58
93240 53
93250 177
93260 115
93270 115
93280 40
93290 40
93300 53
93310 146
93320 84
93330 115
93340 208
93350 58
93360 84
93370 84
93380 84
93390 133
93400 84
93410 40
93420 221
93430 221
93440 102
93450 71
93460 84
93470 71
93480 84
93490 71
93500 71
93510 84
93520 102
93530 107
93540 146
93550 84
93560 84
93570 146
93580 146
93590 208
93600 146
93610 146
93620 146
93630 177
93640 146
93650 146
93660 146
93670 107
93680 177
93690 84
93700 177
93710 177
93720 146
93730 146
93740 252
93750 107
93760 40
93770 133
93780 40
93790 146
93800 40
93810 89
93820 133
93830 252
93840 107
93850 107
93860 146
93870 146
93880 84
93890 159
93900 146
93910 146
93920 146
93930 146
93940 84
93950 133
93960 84
93970 53
93980 177
93990 58
94000 58
94010 58
94020 58
94030 252
94040 159
94050 102
94060 58
94070 146
94080 53
94090 53
94100 53
94110 84
94120 53
94130 53
94140 159
94150 53
94160 177
94170 128
94180 133
94190 58
94200 128
94210 58
94220 84
94230 84
94240 84
94250 84
94260 84
94270 107
94280 84
94290 84
94300 84
94310 146
94320 84
94330 84
94340 84
94350 84
94360 84
94370 84
94380 102
94390 89
94400 146
94410 53
94420 146
94430 89
94440 102
94450 128
94460 84
94470 115
94480 146
94490 146
94500 84
94510 146
94520 102
94530 84
94540 84
94550 128
94560 146
94570 146
94580 146
94590 177
94600 84
94610 146
94620 252
94630 84
94640 177
94650 177
94660 27
94670 146
94680 177
94690 102
94700 177
94710 177
94720 53
94730 190
94740 190
94750 84
94760 40
94770 76
94780 76
94790 102
94800 40
94810 40
94820 190
94830 84
94840 76
94850 40
94860 190
94870 190
94880 53
94890 53
94900 40
94910 115
94920 76
94930 40
94940 76
94950 76
94960 102
94970 102
94980 102
94990 102
95000 146
95010 102
95020 102
95030 76
95040 53
95050 102
95060 53
95070 102
95080 53
95090 53
95100 58
95110 58
95120 53
95130 53
95140 221
95150 58
95160 146
95170 102
95180 76
95190 128
95200 53
95210 53
95220 53
95230 221
95240 102
95250 102
95260 102
95270 102
95280 146
95290 128
95300 146
95310 128
95320 146
95330 102
95340 102
95350 128
95360 97
95370 53
95380 53
95390 84
95400 97
95410 128
95420 128
95430 102
95440 97
95450 221
95460 128
95470 53
95480 102
95490 102
95500 146
95510 146
95520 146
95530 146
95540 146
95550 102
95560 252
95570 252
95580 97
95590 53
95600 53
95610 97
95620 221
95630 221
95640 53
95650 146
95660 146
95670 115
95680 53
95690 146
95700 53
95710 190
95720 53
95730 177
95740 146
95750 97
95760 97
95770 97
95780 97
95790 97
95800 53
95810 146
95820 190
95830 97
95840 53
95850 53
95860 97
95870 102
95880 84
95890 146
95900 146
95910 146
95920 84
95930 84
95940 53
95950 159
95960 190
95970 53
95980 190
95990 252
96000 53
96010 146
96020 53
96030 84
96040 45
96050 84
96060 71
96070 45
96080 53
96090 45
96100 45
96110 45
96120 97
96130 71
96140 53
96150 97
96160 146
96170 146
96180 45
96190 97
96200 45
96210 97
96220 146
96230 45
96240 159
96250 102
96260 71
96270 71
96280 190
96290 190
96300 190
96310 102
96320 45
96330 190
96340 45
96350 146
96360 45
96370 84
96380 234
96390 97
96400 97
96410 97
96420 190
96430 45
96440 190
96450 97
96460 190
96470 133
96480 97
96490 97
96500 97
96510 190
96520 53
96530 190
96540 159
96550 97
96560 45
96570 45
96580 45
96590 159
96600 45
96610 84
96620 84
96630 208
96640 71
96650 71
96660 71
96670 146
96680 71
96690 128
96700 84
96710 71
96720 97
96730 97
96740 190
96750 97
96760 97
96770 97
96780 71
96790 97
96800 71
96810 71
96820 71
96830 190
96840 190
96850 102
96860 71
96870 102
96880 97
96890 97
96900 71
96910 97
96920 190
96930 190
96940 252
96950 252
96960 146
96970 146
96980 146
96990 146
97000 146
97010 146
97020 84
97030 146
97040 27
97050 27
97060 128
97070 128
97080 252
97090 190
97100 190
97110 190
97120 159
97130 159
97140 159
97150 97
97160 66
97170 159
97180 190
97190 71
97200 66
97210 66
97220 66
97230 71
97240 190
97250 159
97260 128
97270 159
97280 115
97290 66
97300 66
97310 66
97320 159
97330 146
97340 66
97350 159
97360 115
97370 159
97380 71
97390 190
97400 159
97410 66
97420 66
97430 66
97440 40
97450 40
97460 40
97470 66
97480 40
97490 177
97500 97
97510 97
97520 66
97530 190
97540 40
97550 97
97560 40
97570 71
97580 40
97590 190
97600 115
97610 97
97620 115
97630 71
97640 159
97650 71
97660 159
97670 71
97680 115
97690 115
97700 203
97710 159
97720 159
97730 221
97740 40
97750 221
97760 97
97770 97
97780 97
97790 172
97800 159
97810 190
97820 159
97830 172
97840 115
97850 159
97860 128
97870 159
97880 115
97890 115
97900 159
97910 66
97920 53
97930 66
97940 177
97950 128
97960 53
97970 66
97980 66
97990 115
98000 66
98010 159
98020 66
98030 66
98040 66
98050 159
98060 97
98070 97
98080 159
98090 159
98100 159
98110 97
98120 71
98130 146
98140 128
98150 53
98160 66
98170 159
98180 71
98190 159
98200 128
98210 128
98220 71
98230 66
98240 66
98250 128
98260 66
98270 128
98280 159
98290 159
98300 159
98310 97
98320 53
98330 53
98340 53
98350 53
98360 53
98370 97
98380 53
98390 97
98400 159
98410 159
98420 115
98430 221
98440 159
98450 84
98460 97
98470 66
98480 159
98490 159
98500 115
98510 84
98520 97
98530 40
98540 159
98550 97
98560 40
98570 159
98580 40
98590 221
98600 159
98610 159
98620 159
98630 159
98640 40
98650 190
98660 190
98670 146
98680 190
98690 97
98700 115
98710 159
98720 40
98730 40
98740 265
98750 190
98760 53
98770 159
98780 53
98790 146
98800 146
98810 146
98820 146
98830 146
98840 115
98850 115
98860 120
98870 265
98880 66
98890 97
98900 66
98910 97
98920 66
98930 159
98940 146
98950 66
98960 97
98970 97
98980 146
98990 115
99000 66
99010 71
99020 66
99030 71
99040 40
99050 40
99060 172
99070 71
99080 97
99090 71
99100 97
99110 40
99120 190
99130 66
99140 66
99150 296
99160 159
99170 190
99180 66
99190 141
99200 159
99210 128
99220 40
99230 190
99240 159
99250 97
99260 97
99270 159
99280 159
99290 97
99300 97
99310 120
99320 97
99330 115
99340 115
99350 115
99360 159
99370 159
99380 159
99390 97
99400 97
99410 190
99420 66
99430 66
99440 66
99450 66
99460 115
99470 159
99480 115
99490 97
99500 97
99510 203
99520 40
99530 141
99540 40
99550 128
99560 40
99570 141
99580 190
99590 40
99600 40
99610 40
99620 159
99630 40
99640 128
99650 66
99660 66
99670 97
99680 66
99690 66
99700 66
99710 97
99720 66
99730 115
99740 234
99750 115
99760 190
99770 190
99780 66
99790 89
99800 203
99810 66
99820 97
99830 203
99840 128
99850 53
99860 53
99870 53
99880 66
99890 203
99900 89
99910 66
99920 66
99930 66
99940 66
99950 97
99960 190
99970 66
99980 159
99990 159
100000 128
