1 0
7 16
11 14
13 9
17 12
19 20
23 15
29 18
31 106
37 21
41 109
43 29
47 104
53 11
59 32
61 19
67 27
71 102
73 115
79 35
83 110
89 30
97 118
101 25
103 87
107 100
109 113
113 12
127 46
131 28
137 90
139 41
149 23
151 15
157 36
163 23
167 67
173 31
179 31
181 18
191 44
193 119
197 26
199 119
211 39
223 70
227 13
229 34
233 83
239 52
241 21
251 65
257 122
263 78
269 29
271 42
277 16
281 42
283 60
293 117
307 37
311 86
313 130
317 37
331 24
337 112
347 125
349 32
353 125
359 50
367 45
373 19
379 58
383 45
389 120
397 27
401 19
409 40
419 40
421 40
431 40
433 27
439 53
443 53
449 115
457 128
461 35
463 128
467 84
479 53
487 141
491 141
499 48
503 66
509 48
521 123
523 123
541 43
547 30
557 43
563 43
569 56
571 30
577 30
587 118
593 74
599 118
601 56
607 43
613 38
617 131
619 131
631 38
641 51
643 25
647 38
653 25
659 51
661 113
673 64
677 51
683 38
691 126
701 82
709 33
719 51
727 46
733 95
739 20
743 95
751 139
757 108
761 33
769 33
773 121
787 59
797 121
809 46
811 134
821 28
823 134
827 41
829 90
839 85
853 15
857 28
859 147
863 41
877 54
881 116
883 28
887 54
907 54
911 41
919 129
929 129
937 173
941 129
947 36
953 28
967 142
971 36
977 98
983 142
991 98
997 49
1009 111
1013 111
1019 62
1021 49
1031 36
1033 155
1039 62
1049 62
1051 93
1061 124
1063 75
1069 23
1087 137
1091 44
1093 31
1097 137
1103 44
1109 18
1117 44
1123 44
1129 36
1151 57
1153 150
1163 150
1171 57
1181 57
1187 75
1193 101
1201 57
1213 44
1217 132
1223 132
1229 39
1231 70
1237 26
1249 176
1259 83
1277 57
1279 132
1283 52
1289 145
1291 52
1297 101
1301 26
1303 101
1307 176
1319 145
1321 101
1327 52
1361 52
1367 39
1373 127
1381 127
1399 65
1409 83
1423 65
1427 26
1429 34
1433 26
1439 127
1447 52
1451 140
1453 47
1459 34
1471 171
1481 34
1483 140
1487 96
1489 47
1493 21
1499 47
1511 91
1523 34
1531 60
1543 109
1549 122
1553 122
1559 60
1567 60
1571 122
1579 122
1583 166
1597 122
1601 60
1607 166
1609 73
1613 21
1619 47
1621 29
1627 73
1637 42
1657 73
1663 73
1667 29
1669 135
1693 34
1697 34
1699 60
1709 55
1721 55
1723 55
1733 29
1741 29
1747 148
1753 55
1759 148
1777 117
1783 47
1787 47
1789 99
1801 161
1811 68
1823 161
1831 68
1847 68
1861 37
1867 37
1871 130
1873 86
1877 24
1879 86
1889 81
1901 29
1907 29
1913 81
1931 143
1933 24
1949 143
1951 174
1973 50
1979 143
1987 94
1993 50
1997 50
1999 50
2003 143
2011 42
2017 68
2027 156
2029 37
2039 63
2053 37
2063 37
2069 125
2081 63
2083 125
2087 112
2089 63
2099 63
2111 169
2113 81
2129 125
2131 76
2137 63
2141 24
2143 169
2153 76
2161 32
2179 45
2203 50
2207 169
2213 138
2221 32
2237 89
2239 138
2243 45
2251 37
2267 89
2269 63
2273 138
2281 151
2287 120
2293 107
2297 58
2309 32
2311 151
2333 32
2339 58
2341 58
2347 107
2351 58
2357 120
2371 151
2377 50
2381 76
2383 50
2389 27
2393 71
2399 71
2411 164
2417 19
2423 71
2437 133
2441 71
2447 133
2459 102
2467 133
2473 120
2477 133
2503 63
2521 40
2531 40
2539 177
2543 177
2549 58
2551 84
2557 133
2579 146
2591 53
2593 40
2609 53
2617 84
2621 146
2633 40
2647 53
2657 53
2659 53
2663 84
2671 45
2677 71
2683 71
2687 97
2689 71
2693 66
2699 66
2707 40
2711 115
2713 159
2719 66
2729 159
2731 115
2741 128
2749 40
2753 128
2767 97
2777 128
2789 128
2791 66
2797 66
2801 35
2803 97
2819 84
2833 128
2837 35
2843 172
2851 27
2857 172
2861 27
2879 128
2887 128
2897 141
2903 141
2909 48
2917 35
2927 172
2939 79
2953 123
2957 22
2963 35
2969 141
2971 48
2999 48
3001 40
3011 40
3019 66
3023 92
3037 61
3041 154
3049 123
3061 48
3067 61
3079 154
3083 35
3089 35
3109 35
3119 48
3121 61
3137 35
3163 53
3167 167
3169 53
3181 105
3187 123
3191 74
3203 61
3209 74
3217 74
3221 22
3229 74
3251 136
3253 43
3257 48
3259 48
3271 136
3299 30
3301 136
3307 74
3313 92
3319 43
3323 118
3329 92
3331 180
3343 43
3347 92
3359 136
3361 43
3371 74
3373 43
3389 35
3391 180
3407 61
3413 17
3433 149
3449 149
3457 43
3461 149
3463 105
3467 149
3469 30
3491 149
3499 131
3511 43
3517 149
3527 56
3529 56
3533 30
3539 56
3541 118
3547 56
3557 149
3559 48
3571 30
3581 100
3583 100
3593 30
3607 43
3613 118
3617 162
3623 118
3631 100
3637 17
3643 162
3659 131
3671 131
3673 162
3677 131
3691 69
3697 38
3701 131
3709 118
3719 43
3727 69
3733 87
3739 113
3761 38
3767 87
3769 113
3779 82
3793 69
3797 38
3803 82
3821 30
3823 175
3833 56
3847 144
3851 144
3853 51
3863 144
3877 51
3881 144
3889 38
3907 38
3911 82
3917 51
3919 82
3923 175
3929 100
3931 82
3943 175
3947 188
3967 51
3989 51
4001 43
4003 51
4007 43
4013 43
4019 25
4021 69
4027 69
4049 64
4051 157
4057 113
4073 95
4079 64
4091 126
4093 64
4099 157
4111 38
4127 170
4129 188
4133 157
4139 157
4153 64
4157 64
4159 51
4177 126
4201 64
4211 126
4217 56
4219 157
4229 82
4231 38
4241 108
4243 108
4253 77
4259 126
4261 77
4271 170
4273 64
4283 126
4289 77
4297 25
4327 170
4337 46
4339 77
4349 139
4357 46
4363 139
4373 33
4391 170
4397 33
4409 77
4421 95
4423 77
4441 183
4447 183
4451 139
4457 46
4463 46
4481 46
4483 46
4493 46
4507 90
4513 183
4517 38
4519 90
4523 90
4547 139
4549 20
4561 59
4567 59
4583 90
4591 170
4597 46
4603 121
4621 33
4637 59
4639 90
4643 33
4649 134
4651 33
4657 152
4663 108
4673 59
4679 46
4691 152
4703 59
4721 121
4723 59
4729 59
4733 90
4751 165
4759 77
4783 77
4787 72
4789 121
4793 72
4799 165
4801 121
4813 59
4817 121
4831 121
4861 165
4871 46
4877 134
4889 46
4903 103
4909 134
4919 103
4931 72
4933 134
4937 134
4943 134
4951 72
4957 134
4967 165
4969 72
4973 72
4987 165
4993 165
4999 90
5003 178
5009 90
5011 90
5021 90
5023 90
5039 134
5051 85
5059 72
5077 41
5081 41
5087 178
5099 116
5101 85
5107 178
5113 134
5119 116
5147 116
5153 147
5167 178
5171 54
5179 116
5189 103
5197 147
5209 41
5227 54
5231 129
5233 28
5237 147
5261 54
5273 147
5279 77
5281 54
5297 98
5303 147
5309 54
5323 54
5333 116
5347 116
5351 191
5381 116
5387 147
5393 67
5399 67
5407 67
5413 41
5417 67
5419 41
5431 98
5437 67
5441 54
5443 67
5449 160
5471 160
5477 41
5479 191
5483 116
5501 41
5503 173
5507 129
5519 160
5521 129
5527 41
5531 41
5557 129
5563 116
5569 129
5573 36
5581 129
5591 67
5623 59
5639 85
5641 41
5647 59
5651 85
5653 129
5657 111
5659 67
5669 80
5683 80
5689 129
5693 67
5701 28
5711 129
5717 36
5737 111
5741 80
5743 80
5749 54
5779 142
5783 49
5791 111
5801 80
5807 111
5813 49
5821 142
5827 111
5839 217
5843 80
5849 142
5851 142
5857 142
5861 36
5867 80
5869 142
5879 80
5881 49
5897 80
5903 98
5923 36
5927 72
5939 142
5953 49
5981 49
5987 49
6007 41
6011 41
6029 23
6037 67
6043 124
6047 93
6053 67
6067 23
6073 62
6079 67
6089 62
6091 36
6101 111
6113 155
6121 173
6131 155
6133 49
6143 155
6151 111
6163 155
6173 111
6197 124
6199 137
6203 93
6211 155
6217 111
6221 36
6229 124
6247 186
6257 124
6263 111
6269 62
6271 111
6277 36
6287 106
6299 62
6301 62
6311 106
6317 124
6323 155
6329 155
6337 54
6343 54
6353 54
6359 80
6361 106
6367 62
6373 124
6379 80
6389 124
6397 75
6421 23
6427 75
6449 62
6451 62
6469 49
6473 124
6481 168
6491 168
6521 181
6529 168
6547 137
6551 137
6553 137
6563 75
6569 212
6571 62
6577 137
6581 137
6599 98
6607 75
6619 137
6637 44
6653 75
6659 93
6661 181
6673 31
6679 93
6689 44
6691 137
6701 137
6703 93
6709 44
6719 137
6733 44
6737 181
6761 88
6763 36
6779 88
6781 181
6791 36
6793 75
6803 88
6823 119
6827 181
6829 150
6833 57
6841 57
6857 57
6863 119
6869 106
6871 150
6883 106
6899 150
6907 119
6911 150
6917 106
6947 106
6949 106
6959 88
6961 57
6967 88
6971 57
6977 31
6983 88
6991 57
6997 119
7001 31
7013 57
7019 44
7027 57
7039 80
7043 106
7057 57
7069 150
7079 101
7103 150
7109 119
7121 150
7127 163
7129 119
7151 101
7159 75
7177 75
7187 31
7193 163
7207 70
7211 119
7213 44
7219 44
7229 119
7237 57
7243 57
7247 119
7253 18
7283 119
7297 163
7307 44
7309 132
7321 44
7331 44
7333 44
7349 132
7351 101
7369 44
7393 57
7411 163
7417 119
7433 70
7451 163
7457 70
7459 70
7477 88
7481 163
7487 70
7489 88
7499 88
7507 163
7517 88
7523 39
7529 62
7537 132
7541 132
7547 114
7549 39
7559 132
7561 83
7573 39
7577 83
7583 83
7589 70
7591 176
7603 31
7607 83
7621 39
7639 31
7643 70
7649 114
7669 57
7673 57
7681 176
7687 57
7691 145
7699 132
7703 145
7717 57
7723 52
7727 88
7741 145
7753 145
7757 52
7759 145
7789 83
7793 101
7817 132
7823 83
7829 52
7841 52
7853 83
7867 52
7873 145
7877 26
7879 145
7883 83
7901 39
7907 52
7919 75
7927 52
7933 52
7937 52
7949 96
7951 52
7963 251
7993 83
8009 44
8011 52
8017 145
8039 189
8053 70
8059 52
8069 70
8081 145
8087 26
8089 26
8093 158
8101 158
8111 65
8117 39
8123 39
8147 96
8161 176
8167 158
8171 96
8179 65
8191 158
8209 39
8219 189
8221 39
8231 52
8233 145
8237 39
8243 65
8263 158
8269 158
8273 158
8287 65
8291 39
8293 39
8297 39
8311 65
8317 52
8329 189
8353 88
8363 65
8369 39
8377 158
8387 65
8389 65
8419 34
8423 65
8429 158
8431 96
8443 109
8447 158
8461 83
8467 202
8501 127
8513 127
8521 78
8527 127
8537 171
8539 127
8543 171
8563 127
8573 171
8581 78
8597 26
8599 65
8609 171
8623 78
8627 52
8629 52
8641 171
8647 52
8663 127
8669 140
8677 78
8681 78
8689 47
8693 140
8699 202
8707 140
8713 140
8719 171
8731 127
8737 140
8741 109
8747 47
8753 78
8761 65
8779 140
8783 171
8803 140
8807 78
8819 78
8821 47
8831 122
8837 78
8839 78
8849 47
8861 122
8863 78
8867 140
8887 96
8893 184
8923 70
8929 96
8933 140
8941 47
8951 140
8963 47
8969 52
8971 140
8999 184
9001 140
9007 78
9011 39
9013 47
9029 39
9041 184
9043 184
9049 47
9059 65
9067 47
9091 140
9103 184
9109 60
9127 153
9133 60
9137 34
9151 91
9157 109
9161 153
9173 109
9181 60
9187 109
9199 65
9203 60
9209 122
9221 109
9227 109
9239 153
9241 153
9257 259
9277 60
9281 60
9283 60
9293 184
9311 91
9319 91
9323 60
9337 153
9341 91
9343 60
9349 60
9371 184
9377 109
9391 60
9397 122
9403 60
9413 34
9419 104
9421 34
9431 104
9433 34
9437 60
9439 104
9461 60
9463 60
9467 104
9473 60
9479 197
9491 52
9497 52
9511 52
9521 34
9533 52
9539 78
9547 104
9551 60
9587 73
9601 166
9613 60
9619 47
9623 47
9629 73
9631 158
9643 166
9649 60
9661 122
9677 60
9679 166
9689 73
9697 135
9719 122
9721 166
9733 47
9739 47
9743 47
9749 135
9767 73
9769 104
9781 42
9787 197
9791 73
9803 135
9811 166
9817 135
9829 135
9833 47
9839 47
9851 73
9857 60
9859 42
9871 197
9883 166
9887 241
9901 73
9907 42
9923 73
9929 135
9931 117
9941 91
9949 73
9967 73
9973 135
